-997872905
31634943
31686242
31813325
31867211
32096358
32135476
32476356
32544623
32570348
32572431
32572704
32588255
32598654
32641808
32641927
32670518
32680113
32691536
32698265
32704458
32725809
32751667
32761118
32779862
32789614
32789620
32789707
32790107
32793314
32870283
32874686
32929974
32958604
32960689
32966277
32966579
32970130
32970133
32993399
33002191
33053423
33059067
33079148
33089634
33105063
33111535
33111608
33116194
33116207
33116208
33116212
33118572
33150192
33172565
33201099
33208114
39209034
39267864
41637824
41689056
41689490
41689621
43501253
43508873
43515883
43519475
46717035
46727784
47580058
47655588
59208482
63403077
76030773
77464858
80772190
80772197
80774724
83343318
90643149
92604017
92669449
92750597
92833162
92863063
92873592
92892857
92892992
92903843
92903860
92906835
92955704
92955721
92955738
92958244
92960693
92963331
92975934
93011953
93041930
93071416
93071603
93074919
93078241
93088119
93138695
93161280
93175967
93195033
93406232
93420252
93423142
93733199
93820644
93921879
94094958
94103181
94325444
94325747
94329826
94332002
94333466
94339810
94339811
94341727
94341845
94343021
94425112
94480855
94488296
94550612
94623569
94679340
94851448
94925019
94927713
95253336
95361714
95589090
95594380
95725387
95952906
96172702
96190776
96280070
96316327
96318754
96323094
96393233
96405848
96415555
96441012
96514333
96568111
96589963
96597467
96646087
96650933
96665215
96667576
96705670
96705730
96706337
96715187
96735601
96735818
96757810
96769959
96772382
96775941
96789168
96842989
96855045
96891598
96950788
97093819
97103998
97187171
97304899
97306873
97604824
97616592
97616608
98166013
99047516
99089024
99089354
99089524
99159629
99160914
99282966
99283371
99285854
99953121
99983419
100017172
100025310
100029329
100043001
100292010
100321510
100321522
100328112
100340419
100351321
100351574
100361432
100429528
100459999
100468839
100482271
100503789
100522379
100526509
100529467
100583211
100801699
100937427
101859497
101860066
102067642
102639400
102647638
102648926
102650859
102660461
102728309
102792551
102835767
102845520
102846045
102863271
102932566
102977258
102992148
103084354
103111312
103153868
103379317
103379524
103564695
103571159
103578944
103662467
103716054
103769579
103776184
103812792
104078580
104079525
104497901
104501872
104510138
104599319
104600267
104600277
104600425
104600441
104600503
104637277
104644134
104670481
104670828
104689658
104689690
104706846
104709073
104710382
104767756
104770598
104808834
104816023
104835730
105006681
105006690
105008912
105047570
105047727
105077525
105088330
105464471
105584127
105648600
105748238
105792360
105831235
105851970
105901519
105940874
105958611
105999637
106000602
106011611
106013939
106019929
106030843
106039755
106041649
106090419
106090498
106108947
106162774
106163655
106331433
106339053
106341851
106344152
106354545
106422846
106428550
106684657
106749932
106855338
106881285
107252550
107256188
107257450
107267410
107270558
107273041
108153095
108156407
108178407
108178475
108178593
108181390
108184817
108186144
108186250
108192160
108199224
108273267
108324331
108324710
108402610
108404535
108473265
108507370
108694035
108694052
108728323
108750754
108805816
108817537
108852702
108889647
108920130
109107499
109115683
109116546
109120400
109247928
109257717
109322686
109325717
109337793
109546261
109618529
109642078
109665003
109694462
109694545
109695099
109704052
109735298
109757601
109765127
109776284
109797878
109803661
110124355
110127043
110233969
110234538
110239664
110244433
110324854
110324867
110327172
110327410
110331122
110335729
110366669
110373064
110373135
110463242
110469190
110469549
110544327
110548388
110634675
110640747
110649293
110684819
111102321
111172460
111221482
111287001
111292931
111356964
111426180
111433573
111523204
111541914
111542258
111560926
111564902
112796167
112796694
112799678
112799905
112814302
112819192
112900345
112906096
112942384
113101341
113358833
113566353
113872536
115166373
115166387
115167264
115168845
115205873
-997872910
-997868208
31599842
31634985
31651843
31716583
31956887
32121907
32540243
32549973
32551934
32554003
32554005
32554972
32554982
32554984
32556263
32570345
32589535
32589579
32598891
32612143
32612178
32612393
32614906
32628772
32632497
32636312
32641954
32658424
32680128
32707504
32721918
32733927
32751445
32761328
32766849
32787550
32793304
32910197
32930383
32958591
32958595
32970688
32986193
32999388
33005329
33049387
33049589
33079224
33082141
33083051
33094242
33094709
33094726
33118825
33147293
39939409
41657142
41692335
41713943
43514897
43519337
45380281
49427100
50289767
52197663
64551813
65074408
70490167
70728353
71456224
75225455
80916456
81883311
85613708
90633111
90634319
90638021
90652537
91562872
92605413
92629303
92661276
92892438
92892550
92908946
92926909
92936628
92958096
92978621
93018756
93021098
93028259
93071498
93071535
93071584
93071782
93085282
93089622
93105662
93135467
93195038
93220122
93297852
93371397
93402086
93402139
93404101
93405058
93409945
93414679
93416289
93420213
93421384
93628092
94113438
94325296
94329457
94330194
94332122
94332613
94336796
94337040
94343966
94344888
94346617
94425124
94426218
94471922
94478180
94548803
94561389
94620877
94620970
95194011
95248856
95267251
95468521
95474142
95759559
95821438
96184279
96189848
96189963
96262844
96274423
96279228
96288632
96384221
96435793
96450704
96514330
96516841
96527601
96587076
96587120
96606741
96609693
96623122
96650947
96651016
96665198
96667459
96735459
96765619
96778963
96784140
96789172
96814159
96816428
96891400
96891586
97114301
97114445
97320828
97699462
97789574
98127239
98165579
98321669
98333799
98583139
99033460
99048484
99052472
99089067
99089182
99089400
99089404
99089500
99089564
99151436
99152633
99166701
99172464
99282975
99468452
99982928
99996794
100031598
100076898
100090205
100141368
100281102
100340602
100340684
100346800
100348202
100350645
100351579
100429577
100429698
100429787
100459424
100459517
100494127
100583500
100803445
101085561
101478175
101731898
101731902
102067292
102151545
102194498
102204227
102277326
102581735
102634940
102637479
102638880
102645124
102730075
102739068
102742574
102745026
102783581
102805459
102845522
102863349
102991614
103069300
103325280
103356264
103378904
103379056
103379242
103449397
103561484
103563023
103578384
103666433
103683934
103706591
103707067
103707113
104096783
104498419
104502465
104581938
104598513
104634777
104689657
104689906
104690078
104696477
104753952
104780504
104838198
104922130
105047144
105076223
105076984
105077494
105147086
105154689
105559020
105584007
105631338
105731965
105792167
105819917
105821716
105822151
105856217
105856219
105856224
105858812
105884438
105925857
105941092
105941427
105958610
105962559
106000460
106000461
106000890
106005159
106019789
106030251
106034954
106034960
106063196
106067174
106069896
106089878
106108943
106108948
106124319
106156153
106190214
106337324
106345887
106347027
106349410
106421282
106422858
106439252
106675326
106924560
106940332
107230190
107252544
107256687
107256921
107259488
107262641
107265243
107268092
107268641
107274870
107550044
107947964
108176072
108178562
108180976
108191937
108192625
108195836
108197703
108197796
108324217
108324558
108324594
108404536
108430390
108446526
108473363
108517319
108519266
108526210
108658597
108685478
108741818
108741904
108771602
108807870
109106656
109112285
109119119
109120486
109311014
109426780
109427004
109618822
109619700
109734928
109772283
109787135
109803179
110123347
110128820
110132814
110180720
110182612
110242140
110247989
110260822
110261128
110261159
110324862
110327130
110339486
110354793
110366604
110366618
110469229
110469354
110634498
110684831
110726993
110767004
110767269
110770416
110948677
111048829
111048941
111105190
111222659
111288885
111366244
111426148
111441284
111482134
111482212
111482422
111482503
111482683
111512229
111606402
111625091
112018860
112018983
112091168
112095981
112770254
112800930
112802419
112809302
112812153
112908604
112941967
113090846
113094108
113210468
113210551
113874890
115166390
115420124
274230231
274230481
-1004930101
-1000017279
-997902245
-997872888
-997872822
-997868192
30859261
31682497
31768522
32093733
32194066
32322586
32476290
32549202
32549580
32551892
32570341
32572963
32608997
32641689
32661389
32678202
32701591
32747750
32780055
32792339
32792350
32793312
32870920
32896309
32896526
32896530
32910042
32960703
32966296
32970129
32975476
32975621
32989878
33002362
33045763
33049029
33077111
33078884
33086409
33088788
33093234
33094738
33108605
33111737
33116202
33147130
33147378
33147564
33149830
33151965
33194473
33201218
33208113
33257565
33267713
33267744
34619701
38914400
41686157
41686913
43503218
43504099
43519116
43530233
45273486
48503417
68063932
70080348
75456894
80772193
80778530
80784365
90632274
90641865
90645604
92594932
92595089
92611469
92629543
92645695
92658787
92658795
92661264
92832897
92849620
92869677
92892422
92903854
92904149
92906536
92955736
92955740
92955756
92955758
93071366
93071602
93074924
93111439
93120085
93138345
93141020
93141749
93143903
93153327
93231519
93394499
93409837
93416601
93419637
93627100
93839863
93929815
94144221
94303288
94325680
94326350
94327393
94333347
94336910
94337233
94339046
94339345
94342621
94343149
94343155
94348772
94480862
94549098
94843306
94844295
94848109
95027046
95251151
95253945
95255644
95270364
95395016
95459500
95577802
95594035
95763319
95960573
96186346
96187167
96189720
96271205
96272836
96276966
96279414
96289024
96289059
96339779
96381701
96381720
96393447
96421321
96524939
96556747
96568122
96586492
96587083
96592103
96597941
96605614
96609156
96610433
96650942
96650945
96653329
96705664
96778608
96778829
96783124
96783411
96783706
96812330
96812769
96817487
96846636
96847458
96895114
96914250
96949001
97062139
97107795
97110773
97114297
97449541
97616594
97616597
97618973
97755525
98244127
98255379
98333564
98470469
98681960
99044791
99048493
99089078
99089338
99089380
99089627
99151756
99165737
99167804
99282960
99282978
99285851
99302229
99468433
99542582
99877922
99993581
100005361
100046960
100090201
100280743
100281025
100281174
100291739
100294472
100328291
100340201
100343441
100346788
100347156
100349167
100349689
100361436
100361678
100399804
100430122
100430129
100459328
100526496
100526518
100542836
100585701
100758712
100791835
100804657
101859570
102121773
102645052
102655419
102753159
102753693
102783611
102845577
102845954
102849733
102932417
102969701
102983153
103057889
103067809
103075070
103157864
103162638
103200722
103379252
103382480
103560988
103560995
103561551
103574613
103575510
103577897
103579250
103581823
103659708
103660319
103670893
103782101
103784299
103787485
103856097
104083789
104087151
104087219
104115595
104497919
104586375
104600373
104600745
104630746
104634997
104688792
104690019
104690118
104690277
104763354
104769120
104809070
104820232
104823224
104830636
104879365
105008916
105056667
105076935
105127861
105143762
105150850
105524194
105576243
105583590
105583714
105583822
105583885
105822455
105825125
105886009
105902585
105921536
105940880
105941128
105941210
106016324
106018623
106030716
106030916
106041398
106052868
106069776
106071043
106096430
106107026
106107037
106108950
106108957
106156663
106331448
106333400
106337878
106338008
106340111
106341867
106343010
106344521
106344571
106345583
106347488
106349511
106543953
106552581
106553894
106626307
106662638
106935314
106990301
107229132
107254587
107255072
107255079
107255637
107259109
107262574
107460204
107549576
107550261
107608418
107608851
108168470
108178637
108184931
108195813
108197867
108199432
108201276
108333680
108386955
108405478
108473854
108510020
108523313
108524279
108524290
108603689
108625341
108662822
108688853
108694044
108702901
108810670
109109375
109120074
109120218
109248228
109257198
109312686
109407588
109413585
109435293
109447812
109455474
109455965
109545895
109556719
109665081
109665332
109665339
109676158
109731652
109757537
109764677
109765032
110052188
110260942
110261038
110270097
110324861
110324871
110352698
110354995
110364416
110366635
110469128
110469655
110469775
110541979
110588853
110621012
110712471
110960177
111078633
111133520
111361406
111366589
111428312
111433348
111441749
111482443
111541705
111541741
111552705
111578115
111582378
111972721
112095987
112204315
112796080
112802422
112803855
112808295
113020809
113020893
113090752
113134222
113141865
113210210
113314711
113896371
114259812
115060830
115161715
115166378
115166382
115420114
116898109
274230232
274230451
274533470
345568055
346492540
346492546
-997902679
-997868198
30985885
31597929
31783625
32005274
32090314
32476472
32476662
32539940
32570340
32588483
32598837
32612300
32618066
32628855
32669869
32680456
32680466
32680580
32787540
32789948
32792334
32792353
32793292
32826158
32874764
32896639
32930502
32937458
32975625
32989570
33034738
33047045
33081702
33082845
33093476
33093668
33094247
33116191
33116192
33147836
33149842
33194544
33194662
33195971
33198318
33267795
33449703
39267629
41704749
41705758
43519323
47639929
59202847
59203838
59206613
66140774
67396253
69915780
74346419
78834283
79697767
83545163
92480147
92608626
92614811
92634036
92635468
92643426
92645676
92645688
92661347
92833272
92833356
92867343
92869832
92878130
92892532
92897839
92903137
92929414
92955751
92959134
92972852
92973377
93014489
93041393
93041837
93070683
93071225
93071494
93082129
93086652
93089329
93090290
93121753
93135462
93147613
93195028
93347403
93399719
93404742
93416600
93614452
93819220
93820638
93892564
93927937
94104485
94142850
94327622
94329815
94330061
94330076
94330187
94330320
94330510
94331468
94338798
94339921
94340010
94341608
94342769
94343637
94429044
94478398
94478537
94549091
94627501
94653231
94670515
94726630
94851466
94929328
95226132
95253006
95359566
95394860
95581440
95589173
95594363
95639207
95693447
95776702
95776733
96172341
96184089
96185840
96190040
96195814
96272513
96278413
96289267
96329036
96341068
96370324
96437545
96586422
96605633
96653451
96665196
96665207
96667473
96705693
96706120
96779914
96815466
96816426
96817514
96834686
96891462
96895049
97119335
97323495
97436039
97616605
97618922
97705398
97838399
98240509
98336012
98427677
98533882
98539267
98615474
99045132
99048597
99089384
99161282
99168171
99283267
99469050
99469084
99535831
99535865
99535968
99968649
100048917
100125779
100294152
100304517
100317582
100346791
100352907
100359288
100359649
100383324
100385827
100389045
100429991
100430215
100464037
100498845
100509551
100510785
100530253
100583207
100787889
100810223
102121754
102640947
102650747
102654472
102658109
102743146
102812819
102820078
102845508
102846370
102982478
102984707
102984967
102991932
103075083
103229815
103264407
103264752
103274015
103326385
103379438
103561032
103562053
103565900
103566499
103568560
103572006
103573411
103581873
103717957
104083307
104097129
104110842
104489763
104492166
104501729
104571929
104581914
104600638
104600862
104600869
104630690
104639575
104653989
104667106
104690205
104690217
104690242
104779031
104779608
104830197
104838041
104968738
105006698
105047820
105047821
105047889
105058560
105077267
105124276
105154670
105177273
105266382
105583823
105586945
105605538
105680066
105856215
105868799
105886008
105899445
105941433
105945587
105967343
106014871
106030296
106030799
106049369
106090574
106094773
106103298
106105781
106107032
106107035
106107985
106109302
106124338
106156780
106162770
106331066
106331379
106332130
106333396
106334176
106336367
106337235
106338805
106339208
106345977
106348962
106349503
106422589
106557428
106626067
106749949
106934986
107151975
107254954
107256137
107259804
107271983
107272439
107273038
107274173
107275907
107471609
108180438
108183415
108184204
108191697
108194546
108295108
108387199
108398265
108404501
108467256
108519759
108523575
108655074
108696061
108741654
108752630
108777814
108780523
108919979
108920192
108931386
109122749
109248420
109320814
109323144
109403398
109407602
109426421
109548807
109646051
109664275
109731073
109731621
109757397
109757538
109770997
109772275
109804147
110124153
110171779
110247994
110324865
110324868
110327255
110327396
110344070
110365426
110365929
110469144
110469279
110469438
110469575
110469699
110588333
110625180
110641980
110684897
111095143
111170259
111427442
111443548
111473273
111482565
111552592
112018236
112018243
112018694
112093792
112095034
112210555
112771666
112797813
112798581
112801583
112807219
112811674
112812459
112901795
112942311
113134295
113149863
113209871
113210623
113896550
114269465
114867501
115166370
115166675
115166737
120592174
274230233
351040954
352032708
-997903500
-997902652
-997902328
-997902025
-997868193
30827243
31679198
31839027
31839982
31956898
32020962
32036566
32151788
32247556
32476720
32476944
32540136
32542262
32570346
32579095
32585109
32598833
32612162
32614763
32635941
32636358
32647352
32678206
32695769
32704032
32721717
32789059
32792331
32793310
32870282
32896891
32999632
33002182
33049022
33049039
33049352
33049527
33083033
33093744
33094755
33108694
33111489
33111928
33112813
33116195
33116196
33116205
33116206
33118589
33118885
33121107
33147283
33195958
39511733
40325621
41684984
41685772
41687705
41689813
41708075
43501312
43506283
53120957
54604458
61089523
65922403
66221891
70808251
77199291
80772178
81873095
90637914
90647634
92485997
92629010
92643718
92833297
92842358
92909149
92955743
92967296
92971116
92975931
93012006
93014520
93029002
93071745
93080688
93094230
93111437
93117680
93135812
93141711
93220543
93401772
93414372
93416604
93418089
93548022
93763150
94096467
94103170
94142805
94306485
94323254
94328583
94330698
94332105
94333280
94336091
94339115
94339188
94340210
94341715
94342806
94343189
94343882
94344880
94345036
94423198
94425106
94429043
94471331
94544503
94620542
94746189
94918267
94988791
94991920
95028975
95252279
95263205
95270184
95367312
95471642
95474168
95594290
95759637
95812360
96146043
96190786
96278344
96288743
96335081
96366632
96372099
96586941
96593741
96597203
96600275
96601789
96652824
96653323
96655314
96667831
96705748
96705904
96706409
96734622
96765494
96769969
96770304
96813209
96815612
96835762
96848761
97023698
97104010
97270949
97308547
98583087
98715119
99042729
99048500
99089000
99089007
99153005
99159546
99161995
99164034
99168961
99276547
99282968
99285857
99470593
99479125
99536486
99552759
99685348
99886702
99952223
99952932
99964323
100017169
100046979
100048905
100090200
100095157
100125781
100324904
100327662
100328201
100344873
100346759
100346792
100346807
100347528
100350639
100360588
100364195
100383327
100385321
100385813
100400191
100429527
100429792
100459906
100466125
100466537
100496727
100510743
100529879
100529917
100537067
100701125
101084941
101724117
101858785
101932456
102121762
102637295
102641515
102651814
102728380
102781254
102783077
102783491
102846020
102851305
102861836
102865796
102962022
102970128
102974313
103200100
103230319
103264395
103299751
103379470
103581827
103586938
103660330
103668238
103706643
103707129
103900671
103906029
103906060
103906443
104110732
104247731
104484478
104600285
104600797
104600965
104634793
104640132
104646771
104649401
104649404
104689938
104690025
104690093
104690211
104690329
104705615
104733508
104808804
105006676
105010300
105012797
105143636
105144406
105146616
105147498
105173515
105226324
105226418
105298631
105499022
105583505
105583535
105792251
105858662
105858811
105859627
105888583
105899469
105902682
105940968
106005462
106030837
106057980
106105293
106107040
106107043
106108967
106332329
106333484
106334366
106339102
106343650
106345580
106348585
106348697
106349507
106349517
106352620
106433572
106671632
106758045
106850529
106858757
106871516
106994564
107027067
107033036
107254911
107255635
107257684
107259880
107266532
107268162
107269104
107273024
107275921
107549924
108178421
108181930
108183002
108184811
108186281
108192119
108192622
108196338
108286152
108324142
108324610
108324830
108387178
108399168
108404041
108473782
108502905
108510107
108518467
108592699
108697533
108703929
108704756
108741232
108750749
108817472
108853102
108881673
108920400
109102158
109248011
109327991
109400031
109403372
109447609
109504180
109694628
109694640
109735269
109757195
109757671
109760864
109768254
109804670
109850754
110135547
110246738
110253970
110261083
110324864
110327544
110338532
110339812
110353088
110354745
110357161
110364363
110366673
110469112
110469252
110469314
110469624
110545894
110548402
110588947
110597774
110621586
110684779
110726714
110767016
110767162
111153668
111169728
111278576
111333790
111482204
111482208
111544642
111552753
111561243
111576304
112018798
112095015
112216800
112217414
112344922
112802848
112803749
112809288
112809466
112901412
112941763
113005099
113094177
113141817
113149558
113318703
113318802
114851727
115166369
115166375
115212496
115476758
116190419
274230296
338184829
352032687
352961165
-1004930148
-1004912031
-997902447
-997868209
-997868205
-997868203
-995529739
30853495
31601993
31688861
31750832
31826534
31839980
32051535
32095710
32099996
32158223
32314401
32540708
32544118
32554021
32554027
32554983
32578455
32587990
32612287
32647926
32678315
32687741
32691879
32695766
32698998
32747663
32747737
32761180
32766886
32792336
32870268
32874489
32880498
32930033
32930547
32939981
32958584
33001924
33093839
33111742
33116160
33116201
33118296
33124509
33194801
33197976
33207982
33267725
38914058
41684963
41685081
41692664
41703033
41703037
43522048
44981311
54601579
61090154
65294205
68139370
68239185
74137786
74531111
76554349
77378595
80067040
83389109
85613699
85613715
85867448
90636121
90642711
90647649
90649553
92608006
92629228
92677389
92684119
92863208
92892664
92893006
92893161
92903571
92906350
92913786
92955748
92957038
92975918
93021092
93041427
93070839
93074917
93075813
93075861
93075883
93092784
93117627
93120067
93120089
93121264
93123570
93137668
93220862
93387580
93406236
93409092
93409914
93415525
93419620
93423410
93547740
93624606
93696991
93927924
94144324
94295043
94325660
94326343
94327407
94327627
94328161
94329484
94333326
94335949
94336083
94343025
94343141
94343523
94343738
94346413
94471779
94561295
94650830
94655980
94723787
94843292
94843698
94844791
95262825
95263331
95359140
95359504
95473791
95577368
95811093
96170288
96175635
96176499
96193705
96262544
96264693
96288838
96329505
96341006
96358749
96358772
96461478
96556871
96597059
96651095
96652703
96691295
96706247
96735881
96736038
96773047
96799747
96802156
96813201
96813559
96814175
96815465
96835383
96843350
96846098
96854096
96914784
96951235
96961418
96965262
97037081
97106512
97436278
97513012
97513415
97536216
97616600
97619190
97755401
98116737
98166006
98245697
98246384
98246731
98291878
98333494
98333514
98636212
99044753
99044829
99048490
99052674
99088944
99089317
99089528
99161893
99162367
99162437
99163490
99283257
99426197
99535943
99684764
99889898
99952871
99996186
100042510
100087476
100315096
100315381
100328025
100344453
100345319
100346787
100346790
100346801
100346802
100347456
100349670
100350631
100383612
100383674
100392554
100496342
100499586
100500101
100542850
100792275
100807837
100808420
101310673
101860072
102053737
102204175
102637133
102637467
102642289
102655423
102655433
102753490
102783170
102783592
103001069
103230483
103379095
103388353
103567212
103572618
103575414
103577067
103582057
103662927
103666710
103706587
103772563
103900769
104080000
104085432
104505386
104588218
104630192
104630588
104634788
104640639
104667037
104708878
104753938
104767406
104830207
104958601
104964947
105069245
105127868
105225928
105226316
105535445
105539620
105583947
105694904
105748224
105791968
105821869
105822300
105822383
105832865
105838224
105852342
105856208
105856214
105858446
105862462
105884204
105885995
105888034
105902962
105941457
105941550
105954388
106005173
106024744
106030579
106041665
106090037
106098617
106105220
106110010
106111640
106152811
106162766
106331141
106331551
106333180
106334045
106341722
106348694
106433145
106438811
106552158
106556473
106588851
106625748
106748167
106749948
106750237
106850533
106934907
106994159
107006103
107254900
107256141
107266718
107953784
108176067
108178114
108180002
108180004
108180222
108180445
108182568
108189625
108190052
108190053
108191985
108199229
108199478
108280001
108324152
108324288
108324588
108324718
108387479
108389738
108397425
108404411
108506790
108518384
108599563
108633198
108688021
108750747
108901400
108920564
109102121
109203567
109247663
109247923
109247985
109248265
109254873
109311009
109311010
109443083
109545964
109651703
109695100
109734931
109757585
110124231
110125495
110171355
110246169
110250388
110261314
110324852
110331118
110358296
110463254
110463541
110468237
110469172
110469200
110469578
110469789
110534465
110641999
110724396
110950567
111102299
111102318
111135475
111224002
111374281
111396599
111422856
111431605
111482332
111542327
111559319
111625193
112018301
112018821
112027761
112095992
112096342
112201835
112212482
112797609
112815362
113004534
113015058
113018547
113018551
113024533
113091387
113091390
113097766
113149544
113219401
114378981
115168928
115174483
115394359
120808062
287427237
338179885
356651405
-1004928139
-998040226
-997902713
-997872922
-997872345
31089948
31740997
31753935
31826550
31857709
31944210
32151751
32158616
32244358
32476600
32476641
32476737
32476848
32549863
32551666
32551979
32572932
32588038
32598645
32669895
32779846
32789062
32790114
32795800
32849579
32870841
32896406
32904476
32915501
32916009
32958589
32958606
32970131
32972317
32975552
32975559
32989968
32999300
32999605
33045698
33049584
33075637
33089510
33168726
33195969
33200990
40110002
41699110
41703185
41705834
43508625
43517244
47638259
51274142
54043962
54590282
63535447
63836579
67339003
68142992
69496548
69915773
70489838
78772923
90637898
90646120
90926450
91255514
92754081
92762680
92818451
92902889
92903753
92955739
92955753
92962832
92975933
92977223
93041797
93071711
93074869
93075207
93075864
93075875
93086786
93095098
93138113
93140482
93195027
93220139
93220521
93372401
93399725
93402257
93408478
93409759
93413275
93420209
93421364
93547840
93547968
93548401
93839869
93928420
94031593
94094974
94314125
94325778
94327521
94331157
94340200
94343158
94343178
94344060
94471929
94537694
94560634
94636868
94650333
94670324
94678859
94679560
94831770
94918660
95021037
95266208
95395450
95474154
95474689
95594154
95667683
95935191
95971513
95990933
96153118
96173400
96180520
96184919
96186387
96188775
96270244
96271200
96272507
96276298
96278511
96279026
96289108
96321603
96382597
96389410
96389411
96514321
96586934
96587245
96592901
96598233
96665201
96668433
96706182
96715168
96735703
96735924
96736132
96769945
96769953
96779661
96780620
96783418
96785639
96789177
96799760
96813190
96814169
96814170
96846218
96884094
97110373
97112162
97434434
97516816
97965397
98119189
98121477
98240454
98240975
98244138
98496353
99048487
99050636
99088949
99089152
99089168
99089382
99089396
99151858
99160927
99161882
99161898
99272634
99281190
99282974
99282977
99282982
99283174
99283298
99461941
99466663
99468719
99506018
99545332
99874490
99957059
99987392
99996174
100046974
100049463
100072485
100112523
100141750
100141762
100280506
100280832
100313439
100313796
100315491
100343458
100345489
100355670
100383322
100429627
100429673
100459689
100493822
100507643
100510263
100510500
100523625
100526511
100581957
100702365
100756223
101715361
101736940
101860097
102637281
102650487
102658144
102783032
102783608
102825400
102846042
102846057
102847926
102969592
102991697
103004046
103075074
103075085
103156004
103178617
103562917
103575518
103581617
103655853
103655864
103670887
103704782
103706797
103772132
103782862
103792399
104107952
104190281
104452796
104501886
104581925
104584196
104600032
104600872
104617303
104630630
104634769
104678028
104689574
104689674
104689905
104710420
105006684
105009583
105111439
105117323
105117381
105139426
105143653
105180745
105583371
105584065
105792502
105854793
105856201
105892705
105901709
105907560
105914834
105941206
105941300
105941308
105941431
105941454
106001129
106020119
106030335
106030620
106030930
106034964
106066833
106093575
106107022
106107023
106107025
106108946
106108965
106112777
106163066
106343011
106345570
106348771
106553494
106749941
106855409
106931253
106931299
106940504
107240278
107608241
108181591
108186364
108191861
108199346
108277187
108285831
108286855
108322604
108324242
108324737
108404397
108473692
108511772
108517020
108588870
108592646
108750746
108805509
109103525
109104739
109247738
109259072
109413640
109430511
109441981
109447569
109448229
109522647
109619628
109619712
109645932
109676145
109695209
109757253
110120777
110133004
110234032
110236793
110250323
110250337
110324857
110324863
110327341
110337113
110354118
110364610
110366687
110469111
110469670
110469689
110543012
110599672
110767375
110932826
111065174
111286932
111395835
111410509
111422977
111433052
111433589
111435983
111482159
111482190
111482410
111482456
111487772
111512015
111512319
111541836
111561821
111576080
111612131
111761086
112018384
112018491
112018802
112095319
112202300
112795719
112802536
112807212
112817083
112942324
113021041
113210430
113688006
115166368
115166380
338179887
352032688
-997902703
-997868211
-997749042
-997749032
-997749028
30846542
31602199
31794493
31834218
32048752
32158183
32241163
32476414
32476627
32496395
32549206
32549677
32554950
32570342
32570352
32570354
32570360
32576320
32589533
32606825
32618057
32636351
32636355
32692136
32695715
32717727
32721917
32787526
32787532
32790147
32792344
32802869
32820259
32900074
32904306
32930464
32957038
32958608
32970116
32974274
32989974
32990005
33002065
33002375
33093236
33093748
33094370
33111613
33116193
33147109
33147715
33151897
33194615
33200868
33275898
40504374
40730700
41698495
41704196
41707745
44545908
45328549
54612485
63488621
64550498
66024680
67081360
68691459
70906663
70906707
80002436
90617724
90643806
92478257
92629224
92631518
92833424
92867326
92867342
92892620
92892663
92903622
92903844
92912953
92938940
92955760
92956932
92962698
92968918
93042116
93071680
93071907
93075873
93135750
93147530
93197575
93220105
93371516
93406662
93409808
93420116
93547806
93548177
93612638
93755946
93820655
93820943
93826847
94005650
94325428
94325785
94328593
94333435
94337238
94339170
94339807
94343730
94344044
94345701
94431225
94620547
94620884
94620914
94620967
94623573
94623580
94670312
94722826
94843402
94924936
95256987
95268500
95395605
95767015
95935949
96019454
96176547
96180074
96208729
96279188
96289026
96289173
96289212
96391665
96484277
96556962
96586754
96667348
96706347
96715158
96715192
96717058
96736045
96744959
96768719
96774774
96779785
96781712
96789179
96806184
96815347
96816427
96961729
97391592
97427390
97791946
98333496
98336000
98359533
99048478
99048483
99089086
99089276
99089416
99089508
99089537
99151438
99151942
99160921
99165733
99168226
99169218
99285858
99357069
99459894
99468437
99468445
99470575
99513008
99640748
99874406
99879924
99885008
100017178
100020055
100075802
100255469
100255480
100280582
100285301
100294286
100340843
100343078
100343923
100346413
100346809
100349405
100359257
100360585
100361664
100383310
100390392
100400001
100429461
100459771
100459852
100507282
100508542
100577720
100589397
100728890
100791840
100800492
100803888
100807802
100811494
102634950
102637436
102637963
102643794
102644119
102645018
102645053
102653409
102653415
102655571
102744634
102762760
102783276
102783281
102783618
102812975
102977341
102982163
103045275
103326485
103497260
103560528
103570491
103574514
103706922
103706975
103707133
103707294
103719483
103769412
104113494
104634771
104634786
104635076
104639809
104671016
104689746
104689774
104689776
104689900
104693398
104693409
104714157
104770810
104838191
104928483
105083998
105111444
105130879
105156161
105156169
105583834
105865922
105886298
105902656
105940962
105954374
106010929
106011156
106013212
106013925
106022110
106030252
106030265
106030289
106030397
106030485
106030557
106041402
106049375
106060898
106089817
106107027
106111034
106162781
106345077
106434956
106556153
106626505
106749934
106848485
106849995
107254593
107259694
107271333
107272292
107273176
107278066
107550024
107608426
107940090
107947960
108182630
108185252
108186178
108196549
108196776
108245199
108269961
108285922
108324158
108324248
108324513
108325595
108392225
108393003
108397856
108399304
108401913
108404428
108506186
108524170
108596318
108698354
108704142
108893583
108996287
109102677
109113125
109113146
109210114
109267131
109328893
109407600
109427166
109430597
109432233
109443095
109532587
109582666
109620531
109694788
109757414
109757454
109765052
109850671
110124236
110131345
110133381
110171622
110233955
110234531
110236167
110248277
110271966
110324853
110324858
110324869
110324870
110324872
110327186
110337114
110352721
110352727
110364417
110433443
110469465
110469546
110469547
110469628
110469651
110469726
110550847
110588276
110588829
110701574
110710656
110726700
110767606
110776542
110949156
110969792
111099637
111279275
111366598
111374280
111381964
111426156
111436119
111481990
111482280
111482580
111511871
111512374
111521314
111541504
111542022
111554820
111574649
111608754
111977891
112018160
112097706
112798808
112800607
112808620
112809192
112814193
112817351
112906120
113018902
113101617
113359086
115166376
338179872
338179874
-1004930121
-1004922414
-997902297
-997872175
-997749046
-997749029
31629442
32242640
32476786
32541239
32549567
32550699
32551241
32556596
32570355
32570358
32582409
32598678
32612132
32612333
32628784
32632100
32636347
32642242
32650070
32707247
32721733
32721834
32731181
32751112
32755138
32789045
32789049
32790144
32792332
32793298
32793309
32874423
32904093
32910321
32958588
32958598
32958602
32958603
32961192
32966291
32968652
32970806
32986054
33002064
33002184
33002195
33005157
33035049
33049186
33049217
33081744
33093345
33094512
33111624
33116189
33121725
33146958
33172585
33216099
33258072
40354454
41695388
41698473
41703367
44429700
50350316
54597652
63414748
63529061
64550520
68567713
80571481
80772166
83389091
83442380
90607770
92643413
92750580
92816397
92816399
92818930
92833260
92903153
92907270
92914648
92916452
92955705
92955755
93071211
93071521
93071600
93082085
93084522
93133969
93141957
93195025
93220707
93407177
93416683
93417737
93418213
93420361
93492432
93493273
93548287
93624899
93740272
93743526
94103178
94313757
94323251
94325299
94325368
94326358
94326859
94327623
94328584
94335281
94336789
94339347
94340111
94340306
94342998
94346655
94425113
94432897
94471388
94542323
94548730
94560965
94620320
94620667
94650675
94665569
94679324
94761649
94844800
94848459
94848569
94929359
95027315
95027872
95259470
95262866
95267259
95268488
95356668
95455604
95470402
95577069
95767786
96180322
96180477
96186212
96276003
96311535
96339772
96359184
96430410
96448165
96459976
96527508
96585881
96604673
96634032
96665214
96667464
96706090
96706104
96724797
96727042
96735493
96746857
96765836
96770252
96772537
96791627
96799741
96800364
96802173
97000675
97113561
97114293
97199524
97322873
97755413
97798569
98165416
98240996
98333511
98457465
98706374
99042724
99047116
99048494
99088572
99089106
99089307
99152265
99160918
99285862
99463863
99537963
99866786
99874561
99874592
100017471
100049392
100090211
100090219
100090507
100093855
100141833
100286478
100291755
100340339
100340730
100346169
100346796
100346804
100347094
100355790
100361836
100383305
100385331
100392540
100500186
100526171
100526513
100529612
100585715
100702376
100708625
100789946
100792808
100803817
101727338
101727513
102592951
102642846
102650993
102655212
102655639
102811039
102983582
102992129
103001088
103149299
103379025
103533943
103563730
103567326
103576943
103577786
103580084
103580095
103652779
103666853
103668155
103684017
103707226
103784289
103787520
103906070
104084733
104097113
104584436
104599291
104600526
104600683
104600843
104601024
104629082
104630318
104634774
104690201
104698307
104701054
104709069
104710313
104962450
105069499
105077058
105077188
105147072
105147522
105150637
105226393
105583931
105737200
105887927
105887935
105899467
105899814
105941396
105954386
106005155
106013937
106018978
106030451
106049376
106051869
106098701
106107021
106107028
106107029
106107036
106156601
106167564
106339137
106345014
106345973
106552184
106556060
106556273
106626650
106750299
106848312
106935194
106940894
107003683
107252548
107256485
107262760
107268464
107550102
107550171
107608432
107947501
107965923
108182299
108182300
108186165
108188764
108196697
108293409
108294947
108324402
108324831
108324899
108333666
108389128
108392049
108404383
108404497
108523210
108524720
108573884
108629200
108698277
108732693
108741228
108750734
108778155
108920054
108920333
109106936
109248344
109257179
109323182
109441905
109441926
109443148
109510291
109664753
109694996
109731550
109770981
109773466
109797072
110122510
110187896
110234524
110246207
110248950
110250490
110323359
110337101
110373012
110469353
110469671
110552717
110619502
110621524
110658507
110688610
110723064
110776520
110952636
110967260
111075938
111172759
111175064
111224085
111292812
111303502
111376956
111482063
111541800
111541822
111542207
111546300
111557072
111623785
111660427
112018260
112018570
112089260
112095029
112097288
112817037
112905369
113105023
113210012
113210086
113210344
113237617
113319020
113399779
114051353
114983031
115246417
116605292
157077949
274230816
274230978
338180985
352951772
352957321
-1004923324
-1004906989
-997902779
-997902055
-997749047
-996631090
30866562
31059670
31174921
31602951
31658933
31750713
31764530
32248216
32476317
32476476
32476817
32540135
32549738
32554954
32555116
32557572
32568583
32570347
32588297
32598640
32598767
32605471
32628682
32632007
32662848
32669017
32680056
32688137
32691654
32704264
32731357
32747296
32747787
32747912
32751457
32761397
32787543
32787545
32788956
32790223
32867054
32896505
32910243
32986181
32989961
32996158
32999615
32999725
33005347
33034846
33034979
33053048
33093666
33094722
33111617
33111930
33112007
33121765
33147549
33195956
33200986
33201108
41696541
43509059
43514391
45399800
45733016
45865776
54591280
54604482
63558770
70728046
73292905
76517104
77000822
78967076
81519442
83561964
90647953
92594710
92604029
92634781
92748179
92754422
92832822
92832918
92833418
92833579
92867324
92892999
92955744
92956849
92971131
93075865
93089315
93117615
93135448
93138035
93152014
93197316
93201293
93220321
93409846
93415667
93418212
93420543
93421373
93425251
93548382
93548438
93621093
93697356
93755617
94103192
94270894
94277542
94323246
94325795
94327189
94328263
94328403
94330600
94333039
94338200
94338379
94338882
94339304
94343734
94346420
94346613
94346663
94423186
94425557
94431023
94433337
94480844
94493974
94549088
94678968
94851343
94928797
94988414
94988753
95027277
95067159
95264775
95267255
95272293
95395114
95462378
95578417
95592939
95594997
95935909
95977750
96170283
96172789
96172904
96180406
96190231
96272171
96279604
96288512
96289056
96289180
96328870
96339771
96391311
96526166
96527560
96557147
96586753
96592160
96592165
96592566
96606727
96666309
96736200
96769947
96776241
96814154
96986942
97117226
97338070
97436024
97705513
98019744
98333497
98761833
98833984
99048488
99052550
99161896
99168753
99175977
99282961
99386858
99457060
99536399
99613562
99855262
99866425
100015687
100087438
100280584
100281024
100281167
100281329
100284322
100327801
100340171
100340618
100346795
100346798
100346811
100359040
100385447
100429871
100493828
100502294
100507293
100509416
100510777
100526506
100583201
100583217
100589461
100787905
100794400
100797927
100804768
100806504
100808381
101715022
101721603
101859123
102053749
102204149
102466729
102637117
102643683
102651034
102653340
102792554
102794427
102988728
102991587
102992130
103075072
103075079
103326402
103339696
103378848
103379096
103563489
103575410
103576474
103578954
103769339
103905956
103906025
103906551
104007922
104101078
104115223
104574664
104581931
104585921
104600411
104600782
104600859
104689652
104690046
104690170
104712600
104775502
104824300
104904921
104909127
104964775
105010187
105011912
105077094
105583516
105583965
105641864
105664230
105715894
105792471
105831228
105833112
105856218
105856569
105885046
105886011
105886013
105887312
105900420
105941268
106010921
106021586
106022218
106030606
106030792
106089945
106107039
106108963
106109598
106111524
106162759
106162763
106162777
106162778
106162783
106255480
106345176
106347630
106352228
106421620
106556070
106769163
106854420
106854831
106855870
106926928
106931269
106994497
107254629
107262658
107262807
107268982
107269415
107274994
107549588
107549651
107944162
108176059
108178645
108179089
108185847
108186095
108188906
108192162
108195493
108196545
108199428
108285963
108303870
108324154
108324268
108324672
108324823
108335274
108386882
108391756
108397196
108446599
108502900
108523334
108670315
108694041
108703645
108782153
108787960
108787976
108848776
109104920
109106523
109111617
109113577
109118910
109333968
109396764
109397213
109401332
109403386
109427063
109435478
109441299
109442377
109620541
109694562
109694620
109695285
109746808
109765089
109788857
109792739
109803779
109961723
110115704
110180719
110247992
110260638
110324850
110324855
110338304
110357149
110364403
110469095
110469310
110469416
110543541
110548588
110549828
110727048
110962176
110972150
111427656
111474792
111482000
111482469
111541670
111559754
111593474
111612377
111621583
112018814
112089265
112095013
112741500
112803700
112807661
112814158
112900335
113018555
113210547
115051072
115166383
115166386
115420120
115712905
115906552
117382090
346492523
346492525
352032695
-1004912027
-997868196
-997868194
30841039
31808016
31836806
32036652
32158305
32551793
32554975
32555271
32556346
32589582
32605042
32612387
32614905
32635809
32698252
32701211
32704459
32717842
32747916
32751632
32751642
32789642
32790134
32793599
32794033
32957172
32958599
32968346
32970134
32975538
32975605
33002357
33049177
33075575
33079223
33085657
33085978
33086501
33105067
33111495
33111612
33116188
33116190
33116198
33116199
33116200
33116210
33118792
33146954
33149048
33164692
33202162
33202406
33208121
41675061
41692816
41704202
43518591
43519331
43524365
44642131
45865725
46656468
62455489
63462374
64379979
65782190
71932856
74530762
78835867
78854367
79646401
80572654
83541436
83766031
90648605
92605588
92608018
92734940
92820243
92892934
92903845
92903861
92927275
92955741
92955754
92956880
92973492
93041293
93041935
93041954
93071409
93071721
93075879
93090583
93110677
93110811
93111920
93113926
93121263
93137652
93205563
93218356
93298066
93372580
93406879
93471604
93548259
93548443
93629122
93696861
93820636
93820651
94261987
94270667
94325830
94327630
94329211
94331163
94333348
94337237
94337875
94339241
94339688
94340196
94341721
94342813
94343161
94343640
94343747
94423185
94425122
94425280
94471498
94471592
94472084
94478329
94620294
94620444
94671893
94679046
94844771
94924937
94929324
94988995
95249202
95265172
95356356
95457805
95463412
95471941
95474214
95528563
96181568
96182991
96190772
96271686
96279192
96279491
96279987
96337514
96391325
96391897
96418723
96442263
96590262
96596023
96636594
96649788
96667704
96735443
96735455
96735708
96735791
96744970
96765357
96773372
96774561
96776213
96783407
96783421
96799758
96816293
96816531
96854651
96889128
96891546
96932362
97308474
97308557
97315449
97338520
97616593
97838467
98120316
98333493
98348972
98367279
98463955
98511296
98511299
98583080
98593899
98619021
98688532
98761669
99044915
99048628
99089028
99089131
99089410
99089462
99089466
99166679
99283329
99285861
99639597
99684852
99964328
99974083
100015938
100019672
100090208
100109149
100220683
100280650
100280761
100287488
100292014
100315075
100321526
100346799
100346805
100346806
100349295
100349309
100350650
100374064
100400084
100429581
100429933
100429965
100430088
100459955
100481079
100500126
100508238
100525654
100526512
100542838
100790988
100792913
100808385
101000957
101295302
101721531
102618174
102641502
102642852
102651811
102653534
102655436
102783091
102813496
102982466
102983155
102991249
102991553
102992031
103062114
103064306
103075068
103230327
103379221
103379271
103379282
103379366
103563716
103568539
103571177
103574555
103662396
103663009
103707015
103782018
104011274
104116281
104484553
104599287
104599809
104600279
104600363
104600899
104630739
104642884
104673361
104677989
104767408
104809242
104809399
104814059
105083667
105150844
105158618
105229290
105229415
105309705
105344150
105526712
105583482
105583838
105737271
105747821
105747835
105822148
105822293
105868369
105885959
105887186
105899450
105899459
105923488
105941061
105948081
105962263
106000704
106030269
106030341
106030393
106030406
106030614
106030840
106041418
106050664
106107034
106107999
106108962
106124343
106126362
106331076
106331444
106335599
106344888
106352386
106438825
106510370
106626812
106749930
106749938
106855039
106881265
106940956
107032483
107255089
107261908
107262729
107262774
107267186
107269504
107271014
107275911
107275957
108163606
108178424
108181203
108181218
108196553
108201587
108207455
108268748
108275534
108324401
108324408
108324580
108324595
108324623
108387172
108389125
108399623
108405502
108420322
108473109
108503153
108510019
108524302
108529854
108531737
108596019
108616207
108625339
108690813
108694047
108741607
108752644
108764162
108771445
108807886
108920492
109103230
109108338
109247821
109248042
109248101
109320788
109413571
109435460
109441850
109642094
109651688
109686850
109735336
109760975
109770860
109773348
110115790
110131314
110131428
110240093
110244134
110250127
110260901
110261025
110261152
110327327
110327427
110331730
110344089
110352719
110364415
110366630
110377098
110463246
110469175
110469268
110469287
110469510
110469851
110548147
110588518
110628670
110642004
110767220
110767442
110955500
111287428
111292729
111366309
111410521
111441760
111481988
111542008
111542255
111544494
111561885
111582338
111590488
112018642
112220296
112810616
112814154
112898064
112901424
112906115
113018533
113020924
113141786
113209883
113399775
114060988
115166371
115166379
115674131
116084151
346492522
350185619
-997868197
30854425
31598308
31724894
31826545
31916956
32158430
32162877
32182330
32193736
32476796
32540026
32540718
32554978
32555511
32556580
32562126
32572492
32611758
32612177
32632298
32639554
32728925
32751104
32751118
32780068
32787528
32787531
32789065
32790057
32792638
32793295
32793311
32874268
32900069
32910088
32940053
32940094
32945596
32957798
32958587
32958600
32970119
32970127
32970135
32977274
32977286
33045428
33049620
33058993
33093241
33108999
33111618
33112017
33116203
33121223
33147382
33150130
33152458
33195951
33210726
33267727
41684596
41689133
41691740
41692769
41698418
41700913
41703041
41705924
43501415
43502447
43503872
43515403
43517308
43519327
43522206
64550506
69159644
69615120
70490329
70877121
71750741
76333341
77003491
78666934
80772184
80772185
80779058
83389085
83545094
85613697
90636426
90646116
92458155
92611485
92892882
92903587
92903842
92904245
92955679
92962965
92967496
93041524
93071370
93071752
93075880
93090295
93137951
93152010
93169407
93229625
93293173
93403373
93415277
93493304
93547878
93547995
93548066
93745692
93799305
93820579
93827060
94105446
94110251
94325606
94325675
94326894
94327187
94328579
94333363
94333364
94337893
94342897
94342907
94343650
94343773
94344874
94346847
94425474
94425563
94433220
94471765
94471853
94480848
94549047
94620332
94636959
94637582
94849606
94851265
94918787
94988406
94988410
94988999
95027051
95248839
95254016
95266710
95394865
95459485
95471634
95472614
95590568
96173895
96177552
96180508
96190780
96190924
96192009
96262556
96273573
96276971
96278530
96299992
96339875
96467482
96527344
96587173
96592182
96603960
96633212
96649839
96651553
96652096
96693503
96705912
96706223
96735611
96735896
96735973
96768713
96783399
96785861
96813175
96814151
96891675
97098376
97342242
97436216
97532248
97692263
97799906
98246627
98619578
99047533
99048495
99089378
99089385
99089413
99089590
99089613
99153563
99167792
99172447
99285847
99613851
99866873
99867343
99884860
100015611
100023432
100048988
100094027
100109654
100147003
100147485
100299712
100313780
100313838
100315017
100343928
100345017
100350632
100360807
100362398
100389431
100439065
100459889
100470297
100477852
100499598
100507987
100526505
100528963
100529532
100542831
100543138
100583204
100583213
100808529
100813419
101085531
101177229
101718858
101730941
101937261
102651036
102655656
102656583
102658209
102743018
102745941
102753982
102783028
102783033
102783162
102783364
102932621
102964686
102969143
102976443
102990827
102991487
102991645
103034515
103097839
103149780
103274003
103378964
103378971
103560545
103565397
103566238
103578351
103583982
103658937
103659506
103660696
103668169
103717958
103894167
104263479
104485481
104500462
104600342
104600956
104629451
104689640
104689808
104689984
104690092
104690235
104690397
104696394
104699161
104711650
104712844
104753933
104928312
105009581
105047300
105077361
105117477
105147254
105535213
105631340
105692104
105822232
105831233
105856212
105858637
105895412
105902049
105941121
105941312
105941340
106005163
106009105
106020683
106030424
106030688
106030811
106030830
106039770
106049365
106089835
106090188
106107030
106107996
106109042
106109370
106156587
106156660
106156664
106162761
106281734
106337767
106338210
106339265
106438900
106477538
106554847
106556281
106845584
107027353
107228815
107265264
107265377
107266204
107273028
107608650
107608761
108178428
108178610
108186179
108191567
108191613
108194660
108196005
108196774
108283914
108287758
108294877
108324160
108324203
108324701
108388447
108392279
108519790
108523220
108523402
108741481
108771595
108833513
108849764
108920719
109102553
109113388
109119477
109123179
109212025
109247913
109320801
109321353
109323213
109407597
109441089
109619707
109638093
109694672
109694966
109695123
109739836
109773331
109773578
109788771
109798799
109803121
110127577
110133005
110171786
110171941
110237892
110244146
110251470
110323545
110327203
110331202
110337037
110363659
110364486
110365452
110373052
110588270
110625184
110725603
110767172
110950041
111098190
111099430
111192026
111383063
111428432
111446451
111450152
111481998
111482022
111482248
111512294
111541580
111541588
111542165
111546287
111582340
111592510
111979844
112018332
112018486
112018676
112081572
112097785
112212468
112796250
112797263
112809218
112812135
112814389
112895863
112941909
113015070
113090720
113097959
113209927
113210096
113896674
113930293
113944139
115051048
115051050
115166374
115712570
337256363
338179894
