-1004912823
-997902683
-997902118
31587406
31634943
31678644
31738747
31768537
32135476
32135739
32139924
32158306
32211371
32544855
32551279
32551636
32569039
32572431
32576645
32588255
32631948
32658430
32669451
32670518
32670973
32701660
32704458
32725809
32755041
32761348
32779862
32787494
32789614
32789620
32792343
32870283
32874717
32880451
32929974
32958564
32989958
32999672
33002172
33002358
33002359
33049124
33053423
33075652
33111535
33111608
33116140
33116194
33116207
33128286
33149637
33201099
33208114
41637824
41692650
41699424
43501253
43508873
44436989
45393197
46307946
46746330
46746623
47536472
47658485
51861195
54266849
63403083
63416246
70728291
74114257
74341786
74532719
75143970
79760351
80066956
80251998
80774724
83545287
85613073
90584436
90637074
90646126
90650188
92657555
92765885
92776649
92832294
92832834
92898076
92906548
92955704
92955708
92955738
92960693
92970151
93012014
93039603
93041750
93041938
93070258
93077408
93088119
93195043
93220115
93223666
93412321
93413392
93413524
93420519
93423142
93508531
93615526
93733204
93743260
94011412
94325747
94325855
94328279
94329505
94333466
94335967
94339810
94341727
94341845
94423201
94425120
94431471
94727408
94844833
94925019
94931644
95012645
95018544
95067742
95220390
95252621
95253582
95459494
95461556
95463605
95468857
95580856
95589090
95935816
95936031
96172702
96174672
96176513
96190776
96191916
96274655
96280070
96288639
96393233
96514319
96514323
96620263
96646082
96652184
96653478
96663032
96664604
96665215
96665565
96705670
96715187
96735453
96735709
96736019
96736077
96757810
96774574
96816659
96816713
96921377
97096176
97097752
97103892
97615760
97616588
97616592
97616608
97618743
98124000
98244339
98476416
98761802
99048482
99048876
99087944
99088952
99156023
99276478
99283371
99461709
99468988
100017172
100025624
100043001
100112458
100255510
100279676
100286686
100287805
100292010
100292027
100358340
100361432
100383293
100429763
100464031
100464047
100508257
100510387
100801457
100807834
100937427
101724429
101813933
101860066
102592199
102609198
102624948
102640088
102643811
102646812
102658533
102746948
102783546
102832478
102848008
102863271
102974389
102977209
102977258
102992248
103057942
103058540
103155065
103166595
103200438
103211515
103273995
103340408
103500405
103578371
103578944
103660317
103660753
103716072
103769608
103772152
103776184
103855426
104486353
104581915
104600277
104600441
104600503
104600646
104600836
104611692
104644134
104688164
104689736
104706846
104756479
104928525
104935116
105008912
105047273
105047303
105047570
105047727
105077525
105117939
105150845
105154681
105680065
105821708
105821798
105822136
105869327
105881310
105881386
105885999
105895831
105930655
105940874
105941315
105941392
105970821
106013197
106018620
106021726
106021737
106024382
106090419
106108896
106164915
106189857
106329018
106331433
106332523
106333397
106339053
106342818
106345692
106347490
106550047
106555967
106626399
106684657
106748362
106855338
106940960
107225737
107229703
107257869
107261912
107262843
107271027
108178600
108180439
108186144
108194860
108199442
108273267
108278289
108331736
108340489
108372100
108387475
108398157
108401908
108402610
108404377
108467648
108523127
108526212
108563000
108573449
108655322
108685822
108693291
108694035
108697259
108741221
108750754
108838197
108920037
109310620
109324468
109403696
109443166
109618625
109665003
109761226
109801674
110125420
110132885
110244144
110245673
110324823
110324854
110324867
110327172
110327410
110366669
110373064
110373135
110548388
110577947
110628647
110628761
110684819
110710901
110713439
110767454
110955380
111056526
111180567
111221482
111356964
111426164
111428664
111431559
111441546
111482367
111540156
111546283
111548789
111576078
111590498
111590500
112018707
112027750
112097033
112796694
112798235
112800095
112800173
112806369
112806697
112813358
112813561
112813729
112814302
113101341
113105041
113135989
114851798
115166387
274521624
285581149
343720988
-1004916591
-997902590
-997872547
-994936631
30676848
30841039
30986120
31089949
31602954
31645417
31656013
31972742
32022164
32476286
32476348
32549579
32550706
32551283
32554968
32554971
32554975
32559886
32576636
32609133
32611767
32612387
32618130
32628352
32660251
32695894
32707441
32717959
32718038
32751632
32779842
32790134
32958599
32968346
32970134
32975538
32996169
32999391
33002357
33002377
33005336
33005340
33085657
33086501
33111495
33111612
33116188
33116190
33116199
33146959
33202162
33202406
33208013
33208121
40284641
41686713
43518591
43519331
43524365
44202296
44574846
45842729
46595683
51334427
51337077
54592970
59220338
73175056
75454693
76892495
77704885
78711942
90633109
92608018
92734940
92748529
92833398
92892479
92903861
92955741
92955754
92960775
93021095
93024601
93040556
93041935
93071242
93071409
93075881
93111920
93122141
93122575
93135757
93138315
93154669
93416593
93548443
93624614
93629122
94005757
94103601
94279726
94299761
94327630
94329515
94331999
94337237
94337875
94341718
94342938
94423187
94434413
94542774
94561044
94561230
94620294
94653307
94671893
94842617
94844772
94845400
94845473
94848139
94924937
94995953
94997243
94999887
95012281
95251145
95395301
95596798
95936032
96191011
96279109
96279491
96279987
96393557
96405119
96456755
96587018
96636594
96653258
96667470
96733675
96735443
96735455
96735791
96736138
96746868
96774561
96774765
96780622
96783421
96783768
96785538
96789183
96816668
96854372
96914205
97096310
97100983
97103927
97242485
97323493
97442270
97615746
97616539
97616586
98165422
98165547
98242219
98348972
98619021
99042665
99042670
99042710
99042713
99042714
99088942
99088950
99089028
99089128
99089466
99287024
99460909
99639597
99982836
100020064
100023636
100053223
100089258
100255473
100255494
100255511
100280771
100292014
100321526
100343629
100346805
100346806
100430088
100459379
100494368
100525654
100526512
100529963
100561511
100583208
100790261
100790879
100798082
101198233
101715611
102606363
102639950
102641132
102651806
102654586
102740945
102783139
102968993
102983155
102990821
102991689
102992087
102992158
103062114
103069607
103075081
103145323
103198769
103200102
103260150
103379007
103379282
103379366
103560509
103564963
103571304
103663009
103782018
103782083
103783331
103787477
103899085
104087353
104492095
104581916
104591676
104600279
104600390
104600435
104600962
104630323
104635138
104640765
104689661
104710037
104927970
105046201
105088337
105147606
105505441
105524048
105526946
105537377
105582749
105583524
105583838
105583900
105583949
105631346
105683375
105738351
105791982
105792261
105802886
105822293
105831236
105899450
105899459
105941061
105941330
106001021
106010908
106010935
106010936
106037423
106047753
106049373
106050664
106051741
106056758
106108962
106160378
106337231
106337328
106344965
106348770
106735101
106749930
106924133
106940343
106940956
107032483
107032823
107256483
107269504
107270898
107275911
107275957
107550264
108178424
108184807
108184813
108190223
108191194
108191930
108194548
108324580
108330896
108387172
108387493
108390860
108404440
108404511
108467225
108467240
108467255
108507641
108516617
108523592
108586511
108601799
108616197
108741150
108771445
108807542
108840335
108865793
108920492
109118912
109202554
109248101
109562243
109641742
109735336
110171252
110182614
110234535
110247978
110260215
110261134
110261152
110324838
110327327
110353164
110469238
110548400
110634661
110767442
110767692
111094841
111116483
111288947
111292729
111314648
111336276
111346091
111542008
111542110
111612071
111622554
112095975
112097589
112777434
112800820
112814154
112817270
112906115
113105045
113135896
113141703
113141786
113250579
115060196
115217291
352032706
-1004919678
-997902574
-996632145
30852173
31089979
31119661
31127311
31973288
32165762
32199746
32476720
32554006
32568539
32570346
32572417
32572762
32585112
32585295
32587830
32605037
32605570
32612162
32614763
32632140
32644699
32669682
32669683
32678206
32695769
32701481
32701566
32721717
32787537
32789059
32792335
32844672
32870282
32896803
32896891
32910299
32975550
33002182
33049022
33049527
33083033
33088859
33094755
33096115
33111489
33111928
33116168
33116175
33116195
33116205
33116206
33118885
33121107
33194312
33202154
41688746
41689813
41708075
42173114
44767121
46252078
46676546
46925467
47654844
50931558
51844508
51855079
64550517
65203672
65290232
65905236
67100657
67768422
80770873
80772179
81038376
90633309
90926366
92492128
92629540
92643718
92645919
92816391
92832840
92832947
92832990
92844245
92909149
92912509
92913985
92955737
92955743
92966307
92971116
93071410
93071745
93083566
93085825
93111652
93119413
93121462
93122155
93141711
93147619
93180762
93207112
93298221
93335380
93402948
93403872
93405596
93405926
93407162
93407175
93622892
93741946
93820641
93918965
94096547
94296437
94307446
94314133
94325592
94325909
94332105
94333280
94336458
94339115
94339363
94340210
94342924
94343882
94345036
94346627
94346657
94425106
94429853
94544503
94560710
94560960
94627388
94639948
94657221
94664506
94671905
94679325
94831991
94842712
94851114
94918267
94988791
95227303
95246761
95250928
95462568
95475216
95673678
95673696
95759637
95812360
96176216
96272501
96278075
96287988
96288583
96299984
96335081
96370328
96381706
96393467
96418919
96527166
96593741
96597950
96627456
96653323
96705662
96705682
96705720
96705917
96706100
96771988
96780628
96789189
96813208
96813209
96815342
96816617
96961618
97023698
97098186
97109361
97113349
97613190
98246355
98264302
98449897
98463321
98538351
98619139
99048479
99048582
99048645
99088939
99089000
99089068
99089292
99089489
99159546
99162326
99164396
99172458
99276547
99644986
99644989
99953321
100012934
100015828
100046969
100046973
100089240
100255514
100292032
100327662
100343918
100346741
100346792
100346793
100346807
100359299
100375979
100383309
100383327
100385813
100417907
100429912
100459764
100466409
100466537
100526494
100529917
100537067
100581709
100585573
100585753
100742065
100762249
100790307
100796114
100804857
100804953
100807647
101084941
101143898
101859839
101938789
101938801
101940723
102052140
102651812
102655427
102655729
102728380
102738851
102739346
102753461
102783063
102846020
102847999
102861836
102865796
102932021
102932659
102974313
102983503
102991688
102992145
103164659
103305989
103379431
103541697
103666488
103668165
103668238
103769422
103906029
104079861
104124306
104247731
104600401
104600797
104643029
104649401
104649404
104682528
104689765
104689775
104689814
104690093
104690329
104895290
104922115
105003681
105047658
105056648
105143652
105146752
105150828
105225890
105302134
105505742
105523800
105583431
105583505
105821804
105844173
105858811
105886360
105891847
105891912
105899752
105902682
105931310
105940862
105940909
105941557
106009982
106107328
106108960
106126827
106340896
106344819
106345580
106348585
106349507
106352428
106437334
106486617
106854899
106858757
106878088
106994564
107213563
107228742
107254627
107255635
107258772
107260849
107265386
107266083
107266532
107273024
107275949
107549145
107608234
107608854
107948080
108188900
108194466
108286152
108324176
108324747
108335548
108389059
108390943
108399245
108404355
108404493
108473578
108507627
108510107
108563065
108596029
108616149
108703929
108704756
108741232
108741564
108741811
108805523
108837860
109246732
109247701
109247797
109247865
109247929
109327991
109621829
109665209
109693540
109694589
109770846
109772489
109780771
109798691
109804670
110122575
110234497
110248943
110248945
110260722
110324864
110327544
110354745
110355365
110357161
110364363
110467157
110468487
110469162
110469256
110469624
110546846
110548574
110588947
110594891
110597755
110621586
110713878
110776532
110960288
111094970
111116108
111116466
111133287
111422340
111423001
111491504
111554949
112089249
112091754
112202796
112748944
112796029
112809466
113018535
113209878
113315603
113318703
113318776
113318802
114851727
115166375
115417207
116190419
274230271
274518741
-997902365
-996601496
31059659
31087979
31095217
31151268
31683046
31717206
32248842
32474749
32476458
32549973
32554005
32554935
32554964
32570343
32572524
32589579
32598847
32611832
32612143
32612178
32628772
32671036
32673888
32675744
32680253
32728472
32731062
32733927
32733931
32747796
32761328
32766849
32792349
32844673
32896749
32910197
32958554
32970122
33005329
33049383
33049583
33079326
33082141
33082232
33086934
33088865
33116127
33121214
33146940
33194715
33202216
38914353
39939409
41671230
41692335
41705920
41705930
41705958
45383592
45866686
47683993
48563554
49491456
50410817
51293515
51542534
53181469
53330335
63489376
64880435
66041708
70906790
70923393
71930930
78956171
79645035
90632148
90642961
90652763
92484513
92750637
92820249
92833459
92867338
92892438
92903383
92906005
92912494
92957042
92966311
92971112
93041468
93071084
93071218
93071525
93071535
93085282
93092512
93112004
93122223
93137920
93145598
93402139
93403331
93404102
93408026
93420213
93733185
93740354
93823041
94103189
94294674
94294878
94325640
94326352
94335123
94343000
94361684
94425124
94549082
94550621
94620877
94627036
94631261
94657292
94679467
94843494
95026705
95203001
95251133
95265254
95266519
95270365
95395425
95404366
95431703
95518704
95936017
96172656
96279228
96288162
96288632
96288808
96288895
96321889
96337712
96340045
96393241
96586563
96586650
96609693
96619567
96619770
96627425
96646330
96650947
96665210
96667459
96717077
96735459
96765244
96769964
96775866
96783406
96783413
96784140
96811907
96812448
96814159
96816185
96891400
97106530
97114607
97439997
97616587
97618660
97618667
97699462
97785213
97797943
98176822
98291763
98539281
98623198
98774258
99040272
99042893
99048484
99052472
99089156
99089400
99089503
99161886
99167994
99289085
99468452
99966689
99996794
100013689
100020062
100025206
100050951
100280718
100281047
100281050
100294043
100328111
100383320
100429787
100429973
100459772
100462803
100476069
100583500
100795154
100796198
100796645
100803445
100809683
101198234
101731902
102634931
102634940
102639082
102639096
102641442
102642013
102642199
102645124
102651092
102655649
102658344
102734425
102742843
102783152
102978436
103046326
103069300
103129189
103149408
103164793
103211518
103236610
103254863
103297065
103325280
103340657
103378904
103379052
103379413
103561484
103562834
103565036
103574092
103576936
103683934
103707005
104011649
104096783
104107332
104488484
104502465
104599292
104600642
104629468
104639934
104689906
104690078
104699171
104832008
104922130
104937484
104979872
105047255
105129192
105147086
105328422
105583941
105792479
105796618
105821963
105835790
105844397
105854947
105884438
105899447
105940796
105941160
105941427
106003929
106007747
106019584
106021846
106049329
106098693
106105799
106108004
106108943
106156153
106331385
106347506
106660968
106748508
106934601
107252544
107256687
107256922
107258394
107258410
107258968
107268092
107268641
107270945
107274870
108147489
108180976
108183498
108191015
108195588
108199662
108282078
108303889
108507710
108516682
108516690
108517319
108523396
108658597
108702307
108704948
108741818
108784461
108838151
108841568
108920709
108993010
109108320
109205847
109214534
109311725
109619700
109644696
109694624
109757182
109776313
109776329
110171400
110180930
110244133
110247970
110247989
110248949
110261091
110324804
110327130
110366604
110444019
110469169
110469542
110486003
110588275
111046567
111048941
111099418
111101459
111135208
111223843
111366244
111366576
111399886
111443555
111506029
111593053
112089266
112091186
112798044
112800930
112808623
112809302
112903447
112908604
113090870
114851715
114851729
114868083
115205029
115286722
116369165
274230481
274230790
285580161
287426902
347415093
-1004929976
-997903016
-997902369
31089924
31950791
32193988
32476325
32476737
32541704
32549863
32557365
32576391
32598764
32669892
32675651
32731327
32734062
32787497
32787536
32787541
32792345
32795800
32826636
32870841
32879937
32886050
32904245
32910083
32915501
32930579
32958589
32958606
32993345
32999300
33002365
33049584
33079378
33093223
33093672
33094658
33126273
33168726
33200990
33208207
41689807
41691425
41697174
41699513
41702224
41702477
45058697
45124469
45174370
45732309
46716694
47655619
49566598
53143053
63182268
65994420
68691912
70728495
78772923
80772160
80778450
81880959
92631903
92665243
92678422
92818407
92832869
92892500
92903753
92939164
92955753
92958120
92959249
92972645
92978528
93071352
93071374
93075862
93075864
93075875
93079940
93085739
93117626
93140482
93220139
93220276
93297869
93388868
93404868
93405957
93409511
93409759
93418210
93419477
93420209
93499664
93696791
93839861
94325614
94325778
94326344
94329520
94331551
94332435
94335843
94339052
94340200
94340204
94371724
94471395
94561181
94620534
94627429
94636868
94678859
94679043
94843272
95351022
95395286
95457661
95475134
95593789
95593850
95858611
96126506
96174435
96264813
96267576
96276298
96277918
96278499
96278602
96279026
96329081
96340613
96340732
96389360
96514320
96527002
96527477
96540077
96604664
96610436
96633274
96685036
96706182
96706341
96735667
96735703
96736132
96744940
96765402
96768468
96769945
96770314
96779661
96783401
96783418
96785681
96801802
96891483
97093817
97101246
97113369
97616595
98124012
98243527
98328498
98503845
98542381
98615734
99088373
99088545
99089134
99089152
99166087
99272634
99281190
99283174
99466663
99470941
99645598
99957059
99996174
100031593
100046970
100087934
100141750
100279584
100280157
100296452
100313796
100345489
100347302
100349365
100383306
100383329
100399766
100399904
100429539
100429663
100430008
100466072
100523856
100526500
100526511
100756223
100790432
100794971
100808856
101668667
101731189
101858919
101859933
101938220
102118276
102455315
102639312
102643935
102650487
102651899
102753325
102783032
102783587
102846042
102846057
102858497
102969508
102977270
102991721
102992190
103062152
103069669
103075071
103075074
103156004
103274000
103333707
103562917
103564653
103567208
103575518
103670887
103687719
103707108
103784295
103900677
103904411
104084809
104110702
104190281
104481971
104484391
104581897
104591879
104591886
104599418
104600402
104600872
104674156
104678028
104689574
104689905
104705553
104928114
105056652
105124462
105150831
105155976
105180745
105505450
105505453
105581894
105583304
105583438
105583755
105584065
105762278
105790464
105821702
105821866
105821958
105835277
105838228
105885998
105901709
105903906
105914829
105930504
105932694
105940892
105941216
106019572
106034964
106073197
106107023
106126861
106331520
106336280
106348771
106352617
106553494
106553893
106556474
106633243
106755931
106931063
107200143
107254908
107269304
107548986
107549592
107549722
107549836
108134201
108184370
108190709
108191861
108196559
108277888
108285843
108324242
108324737
108404028
108450577
108473692
108503369
108511772
108518396
108569803
108655131
108693988
108771175
108920182
109103525
109104739
109114539
109120066
109212485
109247738
109247798
109248117
109257197
109259070
109323217
109413654
109448229
109522647
109562223
109618859
109619628
109619712
109627786
109757253
109759190
109798456
110120323
110234526
110260995
110261122
110324851
110324857
110324863
110327341
110342807
110366687
110469262
110469442
110469562
110469670
110469689
110544544
110545880
110588696
110628616
110628700
110640232
110726776
110767203
111221770
111301700
111395835
111396706
111482056
111482434
111541836
111551093
111557206
111562932
111562972
111576080
111576086
111972234
112018238
112018828
112795719
112796652
112798693
112802525
112813654
113020675
113199544
114312735
115166381
274552603
352032688
352032691
-1004922295
-997902645
-997868211
31208618
31268200
31873112
32158183
32476414
32476627
32544494
32570352
32570360
32576320
32588271
32606825
32612108
32618046
32657953
32658408
32670831
32680463
32687756
32692136
32698868
32707030
32733821
32792348
32802869
32866954
32926600
32958586
32958596
32968429
32974274
32989974
33089049
33093764
33096367
33111613
33116193
33151897
33209403
33275898
41666299
41682548
41684621
43514938
44795907
45005498
45089198
45388510
46303382
49685180
50008037
51337499
63180455
63403072
63850701
70727902
75140388
80772159
81883329
83548945
85613698
90618354
90636954
92629224
92631504
92660108
92684305
92746592
92802573
92816760
92833015
92892472
92892540
92892548
92893009
92899552
92903847
92903848
92912506
92912953
92956932
92966325
93029126
93071572
93071680
93108160
93119114
93147530
93195044
93292858
93494871
93507478
93547906
93548177
93612638
93612816
93755946
93820608
93829132
93964892
94089999
94323261
94325785
94327193
94327397
94328273
94329115
94329522
94330507
94333435
94339807
94342786
94343730
94344044
94427644
94551651
94655965
94678944
94750388
94924936
94927727
94935104
95014784
95263328
95359197
95435806
95686916
95811994
95935949
96000189
96003536
96173519
96177725
96275994
96278267
96279219
96280190
96289173
96335060
96340530
96396423
96404231
96467919
96484291
96514324
96526013
96556962
96600446
96633931
96705882
96717058
96735614
96736045
96744959
96765760
96774774
96813198
96815347
96891599
96914533
96914884
97096244
97439914
97616322
97616604
98450556
98615251
98629245
98650205
99044798
99048478
99048485
99087464
99089537
99160921
99165695
99172445
99879924
99966597
100017178
100020051
100147245
100285301
100292025
100294286
100297284
100343078
100343915
100343923
100345283
100346809
100361664
100383308
100383310
100384377
100399746
100399871
100400053
100430222
100542853
100792040
100792912
100796202
100797995
100807653
100807802
100808295
101922839
102121772
102239625
102623943
102637963
102651496
102655571
102660131
102783654
102820110
102855005
102988796
103075084
103075373
103128899
103129251
103144362
103200225
103200350
103297072
103297074
103378866
103379320
103379583
103547137
103560528
103565530
103565720
103660684
103668357
103785845
103905536
103966458
104011635
104076648
104086624
104600272
104600317
104600838
104641466
104654008
104663140
104671016
104689678
104689746
104689776
104689900
104713665
104830072
104922122
105006694
105047786
105117326
105139663
105156169
105300328
105505447
105570338
105583572
105594595
105732343
105737188
105798661
105815843
105821632
105821742
105822083
105822262
105831214
105839822
105862468
105862621
105886763
105888511
105902092
105923824
105924431
105939353
105940930
105954374
105962265
106006470
106013077
106013925
106022110
106036989
106048419
106107033
106108895
106130275
106156656
106216252
106331432
106334162
106335258
106352188
106541738
106542083
106685216
106685240
106749934
106749936
106758426
106875362
106894363
106934957
107032616
107199784
107245197
107254593
107256490
107257557
107258908
107265261
107269490
107272449
107273176
107549778
107608426
107860957
107947960
108131504
108196549
108269961
108285922
108311025
108324076
108324158
108324527
108324713
108324779
108325595
108386723
108387492
108390857
108397856
108404428
108448017
108507844
108516700
108566331
108596018
108596318
108704142
108741911
108771075
108952523
109248007
109311000
109407671
109430597
109432233
109433597
109519070
109545651
109618869
109624898
109694787
109694919
109737785
109765052
109773579
109774008
110248277
110250478
110260569
110261121
110324818
110324853
110324869
110324870
110324872
110327400
110433457
110588276
110588606
110710656
110767606
110962500
111099427
111102301
111102313
111407170
111422481
111422550
111540069
111541504
112018160
112097706
112796205
112813604
112817047
112899935
112906101
113091073
113097577
113101617
114049838
115775661
274230569
274516658
338179872
-996050911
-995896966
31151591
31597081
31681521
31834219
31834221
31913154
31976670
32032810
32158223
32167777
32247796
32314383
32314401
32476441
32476868
32540708
32544118
32554015
32554021
32554983
32589562
32598830
32612207
32612382
32632076
32658450
32670470
32701658
32734257
32734259
32767023
32787512
32844909
32870268
32874489
32939981
32958538
32958561
32958584
32966273
32966290
33001924
33075272
33075334
33086419
33089499
33111742
33118624
33121099
33124509
33194801
41684963
41685535
41689129
41703037
43522210
44124916
44127636
44144625
47656563
48574803
51337406
63376784
64875206
70728508
71756311
71933684
76554349
80075181
80772181
80774543
81880897
90636121
91237582
92594532
92608006
92643956
92646046
92832838
92833087
92891416
92892885
92910569
92955742
92955748
92975918
93011680
93022993
93041427
93075440
93075861
93075878
93076106
93076388
93086057
93120067
93135446
93137486
93375462
93402085
93404100
93405922
93409092
93409097
93413719
93415601
93618367
93735390
93755352
93927924
94103453
94325660
94331375
94336083
94343006
94345071
94358796
94428954
94534660
94546808
94551692
94561138
94623425
94671466
94831989
94843292
94844791
94852023
95029303
95394983
95395108
95580813
95588988
95594253
96131311
96175635
96193705
96193886
96277926
96288838
96289154
96289183
96329311
96358772
96389816
96512611
96556957
96597059
96627373
96634444
96638926
96667476
96706247
96735814
96735881
96736008
96736038
96744978
96776211
96789182
96815467
96846098
97100067
97112289
97112420
97119005
97532192
97616600
97755401
97785130
97789935
98116737
98242216
98245697
98255128
98333494
98615580
98760877
99033101
99048489
99048946
99088944
99089100
99161893
99163490
99165718
99165732
99273540
99476991
99904714
100042367
100046959
100255503
100285284
100291986
100292029
100296454
100345319
100346746
100346787
100346789
100346790
100346801
100346802
100358626
100383612
100395181
100451772
100464041
100464049
100506858
100542842
100542850
100583193
100704400
100773581
100794125
100807221
100811497
101715875
101721448
101813921
101859563
102053737
102059451
102455480
102487881
102654931
102655423
102655433
102749714
102753306
102753830
102866510
102932660
103296729
103377453
103378980
103379473
103558455
103565534
103566599
103567212
103579360
103582057
103667628
103785588
103904409
104077200
104086553
104484963
104581934
104592068
104600469
104600527
104600533
104689715
104690245
104708878
104715149
104753938
104767694
104811594
105009573
105009845
105012786
105047734
105111436
105139648
105150832
105306826
105524238
105560881
105583445
105583538
105748307
105808882
105822176
105822300
105822387
105822393
105832296
105856507
105858446
105902962
105914843
105921548
105930391
105941334
105941457
106034947
106067639
106090263
106098617
106105220
106130587
106152811
106331551
106336283
106336811
106337241
106338208
106352175
106422929
106626056
106626189
106748167
106748523
106769152
106850533
106934907
106940681
107255230
107258814
107258969
107260451
107268340
107272536
107550333
107944193
108178114
108178734
108180004
108182568
108190052
108199478
108324152
108324310
108387476
108389738
108397425
108398146
108507705
108507959
108510119
108531947
108569720
108596014
108688021
108752624
108841241
109200632
109248232
109248265
109248358
109311009
109325425
109443083
109453443
109545789
109546137
109651703
109651828
109694702
109694744
109694944
109731467
109734931
109771101
110171355
110244495
110246707
110250388
110260625
110260816
110324852
110331118
110450282
110463254
110469172
110469702
110588326
110941395
111102299
111102310
111135475
111148734
111296525
111396599
111426175
111499650
111546433
111555237
111558375
111576074
112093780
112095992
112386389
112797827
112801014
112810726
112886353
112902938
113210471
113252380
115051049
116340696
274230237
346492534
-997902779
-996553838
31090041
31178822
31724333
31834233
31977152
32002727
32096261
32141443
32476317
32476445
32540135
32541251
32541714
32549581
32549738
32551976
32555116
32559042
32568632
32576551
32598640
32605471
32612389
32632007
32632106
32632309
32635924
32668715
32675779
32704264
32731357
32747912
32787538
32787545
32900652
32910243
32966294
32970138
32986131
32996158
32999615
32999725
33049090
33053048
33081948
33088753
33088773
33093666
33098439
33108945
33111617
33121765
33153058
33201108
41682557
41686155
43512633
44905835
45065027
45390432
48576766
50410755
51524760
67321603
75158969
75951787
78851356
80811814
81068360
90631525
90631576
90637467
90647644
90654358
92611357
92616906
92631893
92832832
92832890
92833082
92833193
92844240
92890961
92892338
92892856
92892999
92909147
92911747
92913686
92926906
92955744
92957066
92967981
92971134
93021318
93028989
93041561
93041805
93074370
93083785
93089315
93092541
93097437
93105664
93120084
93148897
93197316
93206901
93371547
93418130
93419500
93420543
93421353
93423096
93423326
93548008
93612212
93612820
93742989
93924536
94277542
94325795
94326750
94328403
94329478
94330600
94338882
94339122
94342564
94343003
94343187
94343734
94346663
94352173
94352175
94423183
94425118
94425691
94471675
94534667
94549088
94560775
94560836
94560874
94620343
94627150
94831977
94851343
94918630
95012280
95012284
95021035
95249268
95267255
95272293
95404364
95521262
95593792
95594997
95769138
95935961
96170283
96175308
96178593
96265244
96276005
96278371
96289180
96335287
96396124
96586873
96593295
96604667
96610423
96610434
96652200
96666309
96705820
96706186
96718405
96735518
96744965
96755004
96769947
96799746
96813205
96814154
96913599
96914605
96986942
97098193
98123994
98123998
98165480
98244124
98367362
99044867
99048488
99088346
99089272
99089407
99168252
99168753
99175977
99457060
99463322
99535872
99852216
100015687
100046955
100047262
100090143
100280584
100281167
100346557
100346795
100354286
100429588
100492471
100589461
100794152
100795157
100797927
100801450
100806504
101000884
101860090
102637117
102640264
102641167
102641750
102649097
102738837
102738952
102762742
102783704
102965517
102992242
102992310
103068157
103075073
103259772
103379096
103379405
103560560
103567637
103578365
103769339
103783692
103818302
103906551
104487324
104574664
104600335
104600403
104630288
104673554
104688319
104689842
104690274
104706845
104709191
104824300
104905479
104922116
105056666
105058557
105505435
105505440
105505452
105505804
105524469
105582676
105583965
105641864
105664230
105683455
105732920
105821732
105822153
105822445
105835607
105856218
105887312
105924017
105959993
106014589
106030651
106048707
106109102
106109632
106111524
106162759
106162778
106284231
106347630
106854408
106926928
106940367
107252552
107253119
107254629
107254748
107262658
107269213
107272232
107274168
107549588
107965975
108150466
108176059
108179089
108192162
108196545
108270592
108324672
108450609
108502492
108516631
108518322
108518787
108640239
108686580
108697385
108701873
108703662
108724931
108865781
109208854
109247980
109325421
109426847
109435468
109441299
109444593
109449531
109546268
109665306
109695058
109731538
109761241
109761310
109770991
109788857
109854644
110178783
110247975
110323428
110324802
110324850
110324855
110357149
110373128
110469095
110469310
110621352
110641997
110691143
110726783
110726979
110844133
110851568
111095307
111114266
111366588
111482000
111542023
111542134
111559735
111563060
111590494
111590501
111607365
111608714
111621583
112095423
112392922
112392941
112801822
112803700
112812146
112813426
112816840
114064787
115186704
115305106
115420120
115906566
115974577
117382090
346492523
352032696
-1004930101
-997872888
-996641544
-996492910
31303212
31590748
31943451
32125583
32158425
32193990
32194066
32476951
32549202
32549894
32559343
32572616
32572963
32605046
32641689
32647372
32670974
32678202
32692205
32701591
32701766
32728905
32731455
32747285
32747750
32755476
32787530
32789654
32792333
32792350
32793306
32870920
32896309
32900075
32900157
32904252
32929864
32958590
32968353
32975621
32976116
32989878
32989891
33002058
33045763
33049376
33049397
33075720
33088761
33088788
33093840
33116202
33146942
33151965
33201218
33208113
33257565
33267713
34849502
38914400
41686157
41688974
43503124
43519633
44795393
45200434
45793150
47668050
49556525
55555848
74534681
80233446
80778530
90633359
90634061
90645602
92611469
92818771
92824506
92833024
92833038
92833393
92905998
92906536
92955736
92955740
92955758
92956105
93071294
93075119
93075866
93083568
93141749
93180964
93197567
93297825
93403672
93407854
93415649
93419637
93422893
93423106
93627100
93822958
93839863
93918670
94143707
94144221
94307141
94307966
94313223
94327393
94329443
94330683
94332232
94333347
94342562
94342997
94348772
94425107
94480862
94623693
94631449
94653304
94678873
94843375
94844295
94845685
95250914
95346201
95356669
95577802
96172978
96187167
96191082
96191086
96272836
96276411
96276966
96288746
96289016
96289024
96289150
96311213
96339779
96340544
96514322
96587083
96596005
96610433
96651848
96652959
96653329
96735783
96744945
96744981
96768306
96783706
96812769
96814156
96822647
96955127
97062139
97097956
97106533
97109740
97110773
97114297
97187715
97425453
97513556
97616597
97616601
97616603
97699387
97755525
98255389
98714820
99048493
99087951
99088356
99089338
99089376
99089627
99151756
99165726
99165735
99165737
99167806
99285851
99302229
99381001
99557948
99854147
99866904
99952918
99980634
100013627
100020049
100106556
100141367
100257872
100291739
100304504
100317596
100343633
100346788
100383319
100385825
100400182
100430057
100430129
100459318
100459328
100492568
100493839
100494189
100499600
100523925
100523929
100526496
100537065
100537079
100585701
100758712
100790264
100795936
100806373
101715778
101860184
101938203
101938510
102624110
102639311
102641211
102642727
102643160
102655419
102655733
102658536
102782160
102857649
102859821
102968950
102976437
102992034
103128901
103157089
103160829
103269188
103274011
103324667
103379004
103379314
103382480
103548192
103566585
103574402
103579250
103657946
103706548
103769191
103787485
103898878
103900779
104076580
104581893
104600607
104600745
104600901
104600955
104641483
104678033
104689708
104690118
104708112
104709352
104795987
104813619
104879365
105076935
105077618
105185440
105505436
105505443
105582453
105822166
105827605
105886157
105886309
105894549
105899449
105914821
105940880
106024379
106069776
106090033
106108950
106108957
106126839
106309371
106331072
106349817
106541734
106633312
106660661
106675084
106749947
106749952
106854404
107252557
107255072
107255079
107255512
107256819
107257966
107259894
107262574
107265136
107276141
107276144
107550147
108130388
108180208
108180443
108183853
108189725
108194425
108194541
108270344
108280508
108285245
108285309
108324776
108331361
108364906
108364912
108387130
108390957
108401889
108448021
108473854
108506573
108508216
108510020
108523313
108662822
108694044
108696314
108818221
109103966
109248048
109264654
109325417
109619247
109665332
109674277
109694548
109695216
109765032
109772289
109918887
110127584
110180920
110249300
110261038
110324856
110324861
110363650
110433454
110469128
110469324
110543959
110588704
110628689
110641998
110726991
111101924
111165733
111540033
111578115
111590489
111604456
111612169
112018795
112091185
112097038
112097593
112216638
112796080
112801020
112802422
112808295
112809590
113134222
113203275
114266012
115217288
274230487
-997902679
-997902415
-997872624
31060624
31119235
31597929
31891415
31956950
32166810
32247678
32476324
32476610
32582561
32605478
32606603
32636339
32636354
32668581
32670405
32698267
32718028
32751563
32761087
32792334
32793292
32874764
32896639
32940074
32966272
32970346
32975606
33047045
33049356
33049573
33082845
33093476
33094247
33116192
33194699
33200977
41684895
41686496
43517326
43519323
43522214
43975620
45895935
47594615
48813862
51336815
63076868
63403086
65071021
68152726
75022277
80204913
80774755
80916906
82419770
83581384
90642719
92645676
92665055
92817163
92818899
92832852
92833379
92891119
92892589
92892806
92903846
92955751
92959277
92975917
93041393
93041961
93071166
93071335
93071494
93082129
93086652
93107709
93135445
93135462
93383493
93404294
93413389
93419403
93419628
93420523
93624598
93820640
94142119
94326469
94330510
94331038
94335961
94338798
94340010
94431009
94478398
94549085
94834070
94849761
95255072
95350831
95351010
95394860
95590651
95776702
95852942
95951872
96174665
96185840
96276360
96278413
96288953
96329036
96359362
96396116
96396121
96396485
96467802
96514329
96527540
96593232
96597438
96610422
96634751
96665196
96666519
96667448
96704952
96705851
96706333
96735579
96735918
96770175
96778408
96816426
96834686
96846099
96891462
96914595
96917113
97065441
97097756
97101601
97436039
97616605
97705398
98126151
98165582
98240509
98241532
98530122
98592005
99048476
99087394
99088108
99089569
99155802
99172456
99285468
99285846
99285865
99387280
99387418
99469000
99552544
99881322
100046963
100048146
100048998
100091468
100139222
100294518
100328005
100344846
100346791
100352907
100358289
100383313
100383324
100385827
100502094
100509551
100510785
100526508
100540386
100542845
100808691
100809608
101492916
101859507
102547453
102597090
102637298
102638357
102638583
102644969
102647531
102649455
102654466
102753671
102753801
102783184
102849724
102857517
102931983
102976195
102984884
102991752
103054510
103058323
103069308
103155969
103200528
103260229
103388371
103512712
103562048
103562603
103575020
103577993
103668733
103687251
103769614
103954928
104083307
104107731
104133135
104600717
104600862
104600869
104673981
104690242
104690335
104693397
104697594
105076934
105089446
105139739
105169454
105583504
105605538
105821752
105821833
105856215
105858708
105886005
105899445
105914835
105921567
105941064
105941433
105945880
106005157
106005174
106005375
106011366
106018916
106030296
106034948
106077858
106098629
106103298
106105781
106107035
106111065
106331379
106333170
106334534
106339208
106349503
106540099
106854335
107254954
107255041
107255641
107258799
107259804
107263835
107271025
107271989
107460213
107549717
107860946
108176066
108180008
108180437
108181082
108181989
108185050
108280459
108386896
108387199
108387203
108390111
108398593
108503334
108505683
108507751
108569741
108592866
108616616
108741237
108741291
108741654
108741669
108750732
108771082
108805531
108811981
108920103
108920541
109247848
109310995
109311364
109325418
109326390
109396552
109548807
109622027
109646043
109651844
109674272
109694974
109758826
109772275
109846845
109923838
109957838
110171779
110234502
110244128
110261005
110324865
110324868
110327255
110327396
110365426
110468697
110469028
110469144
110469228
110469575
110469699
110537467
110551881
110588946
110624917
110634744
110767358
111083079
111094873
111165739
111165743
111168233
111176021
111444040
111499634
111546516
111552717
111576076
111581949
112096280
112793676
112796653
112797813
112809533
112810541
112818862
112890955
112901764
113105037
113191067
113194613
113276719
113318772
113321685
113896550
114049850
115166370
274230233
274500435
285580002
337256353
-1004922414
31055757
31058366
31651734
31751146
32158301
32159501
32476786
32477003
32549567
32551241
32553977
32569077
32598940
32605165
32605477
32606587
32612129
32612132
32612136
32612333
32632514
32635840
32636238
32642242
32717973
32728493
32729327
32751112
32755138
32789045
32790144
32874423
32880319
32958588
32958602
32958603
32961192
32966291
32966462
32968652
32970806
32977343
32999490
33045576
33049360
33049418
33053417
33059247
33088958
33094562
33111624
33116189
33146944
33151909
41690858
41695252
41696102
43500911
43502986
45389229
46317031
64550520
68069358
81005891
82059399
90642189
90985393
91928527
92479714
92645877
92658801
92660348
92748166
92816397
92833303
92842338
92912338
92916452
92955755
92971516
92973620
92978379
93011736
93021088
93041371
93041494
93071211
93071448
93071556
93079857
93141957
93195025
93220707
93234778
93401919
93406989
93411610
93413408
93420361
93697449
93727405
93820656
93828751
93926591
94103178
94143560
94298753
94307014
94323241
94325519
94326358
94326477
94327443
94331555
94331561
94339347
94342998
94423202
94434409
94471671
94488193
94549074
94560717
94560761
94620859
94637018
94679629
94761649
94843715
94844800
94849523
94994655
95250714
95252964
95254031
95458199
95578320
95596016
95692327
95812517
95936487
96180322
96180477
96186389
96187052
96263743
96280421
96280607
96328950
96337497
96396135
96398256
96587067
96619422
96626911
96667222
96669398
96706254
96706257
96746857
96757814
96765836
96785883
96799740
96801768
96832087
96834438
96834566
96854982
97014541
97085257
97113747
97390913
98123995
98126454
98244705
98615630
98629229
98761327
98773984
99042724
99048959
99088572
99088966
99089106
99152265
99163178
99387537
100013320
100013534
100015673
100015694
100034896
100072047
100087514
100090211
100090219
100090507
100150849
100280912
100291755
100296440
100313842
100343639
100347094
100358338
100383305
100385331
100399836
100526513
100529612
100532071
100585715
100769721
100790425
100791397
100811310
101143520
101729895
102276585
102634930
102637039
102637349
102639317
102648922
102648927
102648929
102650993
102653416
102744138
102753300
102783218
102826513
102983582
102991563
103075090
103149406
103200091
103209628
103378936
103379417
103558402
103566771
103575420
103577786
103652779
103657939
103666853
103668155
103684017
103707226
103784289
103784653
103899095
104084681
104084733
104086537
104113485
104600463
104600519
104689650
104690201
104693060
104707813
104709069
105009566
105524477
105556737
105605553
105768923
105791985
105821311
105825054
105855593
105858808
105887935
105888499
105898337
105899453
105899814
105907612
105928281
105940937
105941047
105954386
106013937
106030451
106051869
106105798
106107021
106108899
106111110
106124327
106126865
106332005
106333166
106339137
106340314
106342034
106626650
106671342
106726403
106848406
106851466
106940414
107256916
107266702
107272443
107550171
108178455
108183325
108188764
108196697
108280125
108285962
108311037
108324899
108328864
108331290
108372112
108390955
108404383
108473317
108473785
108505691
108507636
108616210
108630370
108633031
108693077
108694051
108741228
108741432
108764164
108840339
109310656
109353902
109441905
109694876
109757589
109758828
109773951
110122510
110123047
110181054
110217762
110246207
110246703
110248950
110323359
110363402
110467554
110469293
110469296
110552717
110619502
110658507
110684850
110688610
110967260
111017390
111099723
111101976
111387062
111482005
111542259
111548661
111550359
111576379
112089260
112097154
112748942
112752767
112800933
112815456
112901495
113091297
113134050
113319020
113358776
114851728
115051056
115103673
115206393
115775660
274230671
274502400
346492531
352957321
-1004928907
-996637076
-995986339
31645586
31658805
31748454
31867388
31986691
32099642
32140845
32476635
32540718
32541183
32546870
32549822
32549884
32555511
32589513
32589560
32605157
32612177
32612200
32636341
32660258
32701582
32721750
32747603
32792338
32792346
32866998
32870657
32900069
32945596
32958601
32970733
33081820
33116203
41685088
41703041
41705924
43502447
43506193
43519327
47819000
47848791
51336879
63558788
70728054
70728120
72501148
75039207
80779058
90632137
90836837
92594662
92750682
92818911
92832170
92833306
92833352
92833399
92833432
92892538
92912798
92913697
92966614
93071318
93075880
93095083
93137951
93137965
93153365
93338909
93403373
93405984
93408916
93415277
93419476
93423100
93491979
93508670
93918661
94103674
94306996
94325606
94325670
94333364
94335970
94336805
94341726
94344874
94346847
94425109
94425563
94471587
94471765
94482747
94534678
94561447
94620332
94637070
94678922
94720634
94733586
94845479
94849606
94851265
94988406
94988999
94999895
95000407
95229572
95246762
95251143
95252999
95260758
95266763
95394865
95395316
95459485
95467792
96176546
96180508
96189736
96190924
96272166
96280080
96351459
96424609
96527344
96586712
96587056
96649840
96656133
96673311
96693503
96705912
96717076
96735611
96735896
96768709
96768713
96769946
96783399
96812587
96816671
96843288
96891675
96914257
96963125
97187648
97325637
97618641
97621946
98164821
98165613
98321554
98351376
99042716
99047534
99048495
99088970
99089378
99089413
99162181
99167792
99172447
99172467
99469088
99880172
99884860
99892874
99953073
99973658
100015611
100015757
100072640
100090204
100090222
100140406
100280151
100280889
100280957
100284047
100286878
100292030
100294287
100294532
100313838
100321336
100361788
100429623
100429633
100429668
100526499
100543138
100793821
100813419
101144049
101721681
101933209
102052115
102638030
102641508
102651699
102655839
102743018
102744702
102812824
102845581
102964686
102976443
102978519
103034515
103069304
103073826
103155942
103155956
103161193
103334833
103356276
103379517
103391983
103562833
103662358
103707101
103787401
103890098
103906917
104123612
104262487
104585958
104600342
104600652
104630496
104637361
104690115
104690235
104696394
104699175
104769571
104816741
105047066
105047149
105047193
105047300
105047392
105056661
105066693
105077048
105077361
105077518
105096484
105147416
105147482
105150841
105154684
105207198
105225908
105691977
105791976
105832675
105856222
105895412
105941543
105947926
106004501
106005179
106019575
106020683
106030310
106030830
106034916
106034952
106105303
106105716
106109250
106110056
106126879
106167583
106345120
106349655
106660984
106762303
106845584
106857100
106871126
106878515
106940584
107076332
107254903
107261296
107261529
107265377
107268409
107272100
107273028
107549982
107608761
107860940
108178428
108178474
108186179
108187356
108191613
108192178
108196005
108287758
108301159
108324160
108324203
108324210
108331744
108397301
108448019
108467657
108507639
108521770
108569732
108625361
108695580
108697078
108699002
108844303
108849764
108864716
108920538
109116447
109214520
109247731
109321353
109325429
109416458
109427645
109429868
109430617
109504156
109641753
109664997
109768242
109772297
110133005
110171284
110248953
110259576
110260491
110260742
110261087
110323545
110327203
110331202
110337037
110363659
110365442
110366616
110368095
110369284
110469290
110588270
110588711
110781735
111366593
111444082
111512468
111541786
111542165
111559209
111562863
111582340
111592510
112018486
112091940
112212468
112784739
112798823
112802418
112809218
112812135
113005080
113097959
113359416
115051048
115133253
115167756
338179883
