-997902779
31588508
31600691
31620200
31742467
31748279
31770475
31809209
31834233
31956451
31977152
32126145
32254802
32314479
32476317
32476937
32540135
32540222
32541714
32544559
32555116
32569073
32598640
32612389
32628682
32632007
32639550
32688137
32688252
32691654
32747787
32747912
32761397
32787495
32787502
32787545
32789543
32880504
32910243
32958592
32958605
32960758
32968487
32970138
32986131
32999615
33034846
33049490
33059260
33078820
33086397
33088482
33111617
33200986
33201108
41662068
41682557
41686746
41698989
41702452
43082117
44604606
46775948
51214864
52138328
63111026
63849221
63849592
64188911
64590182
64931334
65800746
66602401
68063918
68691417
69739988
71225636
72294403
75158969
76517104
78670078
78670282
83389181
86821443
90631576
90642720
90648699
90649094
92812100
92833082
92833480
92891414
92892669
92895821
92910577
92911747
92913710
92926906
92955744
92958216
92971131
92973634
93021102
93041730
93041765
93074370
93075865
93076175
93092541
93097437
93150201
93195026
93197316
93220635
93297835
93297866
93360753
93425251
93697356
93927593
94143701
94327196
94328263
94328403
94332430
94335003
94336273
94338200
94339122
94339304
94339673
94342564
94342576
94343187
94343734
94346663
94431023
94679318
94744165
94756344
94781990
94851343
95021035
95229682
95267255
95473910
95594997
95765046
95812146
96172789
96269633
96278371
96279604
96280153
96289056
96289180
96298094
96442613
96503063
96586873
96587065
96587176
96610438
96623357
96626858
96661588
96665208
96666309
96705820
96706228
96706240
96718405
96735497
96735504
96735889
96744974
96788356
96813497
96814172
96844249
96961403
97081356
97117176
97196981
97338070
97341903
97695997
98176817
98228695
98244460
98267811
99048462
99048488
99052550
99088993
99089582
99152269
99161896
99167761
99168753
99175977
99386858
99463036
99506450
99506691
99867484
99966590
100015687
100047262
100051226
100141271
100280574
100280647
100281024
100281143
100281167
100281329
100327230
100344879
100346795
100346811
100354169
100472792
100510695
100542806
100542839
100704834
100797927
100808381
101699026
101859429
102204149
102617747
102638877
102639310
102649097
102651034
102658316
102738837
102762749
102968981
102991587
102991901
103004724
103066652
103145331
103155790
103378928
103531859
103560560
103561568
103562406
103562611
103565287
103568645
103572011
103573085
103575410
103578954
103655628
103660831
103783335
104083927
104591744
104600335
104600411
104600487
104666955
104690216
104707213
104707824
104827935
104922121
105006691
105011912
105056666
105146607
105583382
105583965
105664230
105821773
105831228
105835607
105856569
105885993
105887312
105901597
105940867
106005176
106107990
106108963
106111524
106123211
106162759
106162778
106342695
106343652
106424345
106540739
106854400
106854408
106855870
106930764
107224894
107225721
107255094
107258055
107258768
107259370
107269415
107549588
107549626
107550133
107608923
107944162
108179089
108186095
108189611
108196545
108196855
108196949
108199428
108285760
108324672
108397058
108398273
108401897
108404045
108446599
108518322
108523671
108596011
108656861
108750733
108783938
108878852
108923374
109327123
109426847
109435468
109435478
109449531
109545648
109625053
109695285
109788857
109792739
109802084
110061510
110127088
110131011
110261021
110324850
110324855
110338304
110364403
110444022
110469095
110542157
110621352
110629216
110691143
110726783
110964988
110966558
111039311
111095307
111221466
111292599
111366575
111382257
111433826
111541631
111621583
111978111
112018797
112081577
112089553
112200705
112217293
112784553
112803700
112813226
112899386
112900335
113091352
113105034
114259358
114391070
115204873
116042614
290838789
-1004916646
-995830243
31195628
31675192
32020962
32090415
32155391
32247556
32476720
32476944
32542262
32585100
32598833
32612162
32636358
32639545
32675771
32688149
32695769
32701481
32721717
32787973
32788972
32789059
32792331
32792335
32896891
32999524
32999632
33049077
33049205
33078938
33088859
33094445
33098427
33111489
33111928
33112813
33116158
33116196
33116205
33116206
33121107
33121334
33195958
33267791
41689813
41691305
45465570
46785460
47237469
62091590
62183711
63944540
64550478
64865097
65078587
66655643
69599084
70727279
74532061
78115995
79648179
80220907
80772178
80812548
81663994
83389556
83389632
85613710
90617728
90633317
90645589
90647634
90648722
90926366
92629010
92643433
92677405
92678025
92689880
92721471
92747114
92816485
92874119
92893054
92899623
92902923
92908418
92912643
92939837
92952439
92955743
93018334
93029002
93070254
93070564
93071596
93071745
93080430
93141711
93147619
93180762
93180845
93220039
93298221
93377832
93379244
93385559
93402712
93414350
93419292
93420688
93626689
93696773
94103170
94143694
94314133
94319274
94323254
94326852
94328265
94332105
94333280
94338203
94339363
94340210
94343882
94344880
94346627
94471903
94482300
94550549
94620808
94657204
94988791
95246765
95265566
95267265
95469106
95471648
95764756
96172409
96180336
96183952
96278075
96287903
96289188
96335081
96585685
96586500
96586941
96603224
96627294
96653323
96735911
96773955
96774009
96799757
96835762
96891479
96895377
96998753
97023698
97109361
97308547
97436146
97613190
98165849
98242212
98333504
98364861
98427684
98449897
98706379
99044823
99048582
99088499
99089007
99089489
99089504
99159546
99169876
99276547
99285867
99387190
99470593
99506118
99552759
99892854
99964330
99968853
100023036
100090200
100090218
100139631
100279840
100291731
100328201
100344834
100344865
100344868
100344873
100347387
100347442
100348943
100356572
100357141
100385813
100399960
100429532
100429543
100429681
100429792
100505996
100529879
100529917
100537080
100583214
100583215
100585753
100701125
100790307
100796649
100800730
100811060
101084941
101687736
101932456
101938789
102008680
102637295
102647659
102650802
102653299
102655427
102655729
102753579
102792532
102802577
102865796
102932659
102974313
102983503
102990946
102991132
103068088
103145625
103230446
103274010
103299751
103378911
103577888
103662251
103769570
103888379
103906029
104115407
104247731
104634787
104646770
104690093
104690108
104690211
104693697
104753947
105005064
105006676
105006677
105047397
105077531
105121394
105163228
105576022
105581834
105582421
105584058
105822042
105833116
105859627
105866040
105886530
105899752
106000478
106005177
106009219
106019587
106090270
106090394
106109443
106165267
106337320
106345580
106348918
106349507
106349517
106436874
106437334
106553898
106554861
106850529
106878088
106994564
107225149
107255081
107257556
107266083
107269104
107269412
107271854
107273024
107275921
107275949
107277736
107948022
108178421
108186281
108283838
108286152
108294610
108324830
108365100
108386865
108397391
108397453
108465784
108510107
108510121
108523329
108684556
108703929
108704219
108704756
108741232
108771267
108819939
108825657
108837860
108878564
108990523
109254811
109327119
109401347
109403372
109426611
109546113
109621829
109760864
109773955
110125404
110234494
110234517
110246738
110248936
110248945
110253970
110260015
110261207
110324843
110324864
110327544
110339812
110353088
110355365
110469155
110469162
110469624
110543583
110548574
110588947
110597774
110597792
110621586
110767264
110971839
111116108
111278576
111303680
111429054
111468134
111511879
111512039
111512429
111541572
111593029
111972717
111979912
112018446
112018611
112095020
112202874
112344922
112798042
112798043
112803749
112809466
112901412
113094177
113105031
113318802
114851727
115051055
115104599
115168792
115204932
115417207
116190419
274230296
274518741
285580812
346491569
-1004923762
-996095599
-995901990
31090707
31315071
31558596
31619459
31634866
31943260
31956885
31960449
31973300
32032339
32122408
32193988
32353360
32476737
32476852
32541704
32549863
32551666
32554945
32572932
32679999
32691891
32789062
32792345
32795800
32840958
32849579
32870841
32880492
32888681
32896398
32896566
32915501
32958606
32970091
32989968
32999300
33045698
33049584
33086402
33089510
33094658
33109170
33168726
33194884
33200990
39805361
41702224
41702477
43517244
46776315
47233864
51337263
61085238
63518412
63591526
67883677
70728495
74094016
75567585
75583498
75592478
75592490
75895230
76015734
78658130
78772923
79889178
81880959
83589114
90646120
90652336
90654688
92695305
92833427
92892414
92892562
92955706
92955739
92955750
93041843
93041874
93071839
93074922
93075864
93075875
93081655
93081733
93096132
93107695
93123574
93137500
93138113
93140482
93140834
93195049
93297823
93380852
93388868
93401840
93409759
93419477
93420209
93548363
93548401
94103360
94295600
94296879
94325414
94325612
94325778
94327194
94328589
94339052
94341254
94341604
94343158
94346409
94425110
94426624
94470892
94542134
94620326
94665519
94669374
94931666
95021037
95255954
95259793
95457908
95458532
95467907
95469094
95578629
95977275
96172403
96179164
96183344
96190350
96193659
96276298
96279026
96280163
96288580
96340003
96347760
96381714
96393237
96512625
96646675
96665201
96715168
96725213
96735448
96735487
96735703
96744967
96769945
96769953
96785681
96813160
96814170
97110373
97618977
97619283
98121477
98166061
98244123
98255472
98360914
98503845
98511297
98708651
99033119
99048890
99050636
99089004
99089055
99089348
99089382
99089396
99160925
99166087
99272634
99275063
99281190
99283174
99466663
99467077
99506018
99953521
99996174
100046974
100090213
100141750
100280506
100280832
100284323
100294862
100383306
100383322
100429539
100429663
100430008
100481925
100495853
100510263
100581957
100793050
100810713
102276829
102607163
102609095
102617734
102618938
102637474
102650487
102658144
102664502
102753259
102753275
102792535
102932542
102982922
103062152
103075074
103118019
103156004
103157172
103160954
103183656
103377329
103531065
103560578
103562840
103568569
103576940
103772132
103784298
103785528
103888091
104083320
104110702
104190265
104452796
104591879
104593804
104598961
104600532
104600673
104600719
104600877
104630716
104634755
104652704
104666603
104667110
104678028
104689898
104690294
104693390
104707817
104711319
104711651
104726238
105009564
105009583
105010615
105056629
105056649
105077091
105111439
105154682
105155976
105160450
105583304
105583370
105583371
105583438
105792502
105821715
105821958
105825465
105828984
105838228
105869673
105884759
105924056
105941308
106009340
106010909
106019987
106024363
106073197
106090412
106105382
106108965
106111006
106283377
106342572
106343011
106348394
106553494
106626271
106661747
106749941
106755931
106894434
106931253
107000273
107255639
107262644
107267169
107271024
107272297
107274731
107274746
107548986
107549592
107549836
108151547
108163608
108178183
108188096
108192829
108198252
108276000
108277888
108285843
108324737
108333677
108337240
108387202
108388660
108397086
108401472
108404028
108404397
108507709
108629240
108652710
108705919
108741476
108833893
108920178
109101793
109198679
109247738
109248258
109448229
109619628
109619712
109695012
109695178
109695209
109757398
110052236
110052280
110133004
110234518
110234521
110248556
110248931
110324824
110324851
110324857
110324863
110327341
110344072
110366687
110469262
110469689
110540129
110588393
110588696
110588712
110628616
110628700
110640232
110951005
110961578
110969999
111129228
111294651
111384472
111427134
111429041
111433589
111508711
111510848
111546292
112095319
112748923
112797821
112810093
112813578
112817083
112941963
113004571
113688006
274515217
354854201
-1004928138
-998800275
-996612032
-996601299
-995464051
31089392
31285084
31566185
31588303
31631802
31768449
31771006
31841561
32121966
32314383
32476631
32540708
32540867
32544118
32544613
32545571
32554015
32554021
32554027
32554965
32554983
32589562
32631976
32632076
32687741
32734257
32734259
32747663
32747737
32787511
32787512
32792336
32867014
32896612
32939981
32958584
33075334
33089499
33111742
33116201
33118547
33121099
33194529
33194801
33197977
33207982
41673436
41684963
41684974
41692738
41703037
43081864
43512830
43597570
44127636
44964357
45331908
46983779
51337406
61098681
62603951
63212992
63403082
64127707
67080494
69476682
69476938
69914405
69922785
71933684
72485195
74054118
74108325
75264921
77025150
77387660
79860913
79889561
81880897
82596494
90637915
90647649
90652543
90926214
92478618
92608006
92629231
92629350
92748174
92833170
92891416
92893006
92903749
92913786
92968629
93075861
93075863
93075878
93075883
93117627
93137486
93297867
93402264
93403333
93409914
93412752
93415525
93416597
93421916
93547740
93547826
93618367
93624606
93820657
93927924
94103172
94103185
94325367
94325660
94326343
94328154
94330590
94331375
94333329
94342557
94343141
94343523
94346066
94348461
94431515
94482304
94490888
94546808
94561138
94630997
94637221
94723787
94843292
94843619
94843698
94852023
95201137
95236409
95395108
95444000
95469871
95574447
95580813
95693353
95945063
95949221
95991233
96175626
96192479
96287042
96287257
96288838
96289149
96326270
96329505
96332445
96339637
96358749
96440753
96448550
96586926
96596004
96599960
96704120
96705796
96706247
96716319
96725308
96735814
96735881
96736038
96744978
96768392
96769961
96776211
96813201
96817620
96846098
96891655
97109678
97755401
97789580
98228761
98245697
98254890
98291878
98303936
99048490
99088409
99089317
99089528
99165723
99893336
99961902
99964312
99964320
99966199
99966253
100087476
100090569
100139230
100292011
100315096
100343117
100345319
100346787
100346789
100346790
100346801
100383323
100383612
100383674
100522058
100540169
100542850
100796643
101926203
102053737
102606597
102622974
102623502
102634943
102637050
102637467
102643924
102644126
102654876
102655423
102657389
102753490
102753641
102783460
102862844
102932528
103001069
103059678
103061847
103067533
103117970
103378838
103378846
103379095
103379486
103388373
103578359
103580217
103582057
103659589
103660425
103668358
103670903
103706542
103779921
103781591
104026956
104080000
104124206
104258417
104600917
104630070
104630588
104634788
104667037
104670368
104689642
104689715
104707823
104708860
104708878
104755433
104808838
105008833
105009573
105009845
105047703
105047734
105047764
105154674
105154692
105154977
105226342
105582425
105582753
105583445
105583600
105583636
105583816
105584051
105650780
105650889
105762554
105791907
105821928
105822052
105822228
105822300
105825449
105856202
105856214
105884755
105886225
105899463
105902423
105921548
105924738
105941247
105941457
105941550
105954388
106005173
106013429
106024377
106030681
106088868
106090343
106098617
106105220
106105468
106122487
106336283
106433145
106556473
106676998
106750237
106852520
107254900
107254907
107259618
107262772
107268340
107272282
107550226
108029039
108159956
108180004
108180445
108189612
108190052
108193015
108199478
108324152
108324288
108324496
108324676
108324718
108397084
108397092
108450060
108450556
108453825
108503773
108509777
108510119
108518384
108519862
108532072
108580643
108633198
108688021
108741234
108766198
108841241
108880702
109247667
109247923
109248235
109311009
109325425
109401329
109443083
109546223
109651703
109663788
109665085
109734931
109735544
109761188
109797961
109917963
110124231
110234475
110249238
110324852
110331118
110469200
110469500
110469578
110588319
110588326
110588474
110622774
110628630
110781295
110781346
110786565
110941395
110962725
111102299
111135475
111224002
111366544
111378340
111426175
111429039
111433751
111499650
111542220
111550277
112018821
112018907
112095031
112748966
112776891
112782481
112795781
112795864
112797609
112803714
112813569
113012092
113024533
113097766
114259698
115205397
116340728
274230437
274505952
274514053
274518745
-1004932520
-997902235
-996601496
31947086
32004790
32092457
32126479
32541713
32542234
32542268
32554011
32554935
32554964
32555263
32570343
32589579
32609134
32612143
32612178
32641954
32658422
32658446
32728472
32761328
32787550
32787907
32787909
32789977
32792349
32880284
32910197
32958554
32958591
32958594
32958595
33005370
33049589
33058973
33075117
33082141
33083051
33088757
33183905
41685971
41698976
41705920
41705930
41705958
43514897
46934407
62418992
63104593
64093436
64189614
64880435
65299233
65311049
65787911
65798228
66589995
66769072
68686870
69911191
74641184
76456433
79645035
79705698
79827698
84631032
90642961
90984800
92498395
92643430
92695612
92750203
92773704
92873521
92892542
92892752
92892850
92892879
92903551
92913770
92936628
92955696
92955712
92972546
93021103
93041521
93071084
93071218
93071535
93075867
93085282
93135467
93137920
93195037
93320455
93354083
93361293
93401954
93404102
93405068
93414679
93416289
93418209
93420213
93628092
93820647
94311824
94325640
94329757
94341857
94342693
94343000
94346617
94361684
94425124
94425543
94471922
94549082
94550535
94620877
94843494
94997052
95026843
95201139
95266519
95270138
95443545
95506599
95577082
95595001
95693334
95848777
95856962
95871509
95936017
95972019
95990743
96189963
96262844
96288162
96288632
96289143
96367831
96467881
96505981
96527254
96534467
96557299
96586505
96586748
96587076
96587093
96665198
96667459
96705727
96715175
96735459
96735539
96744947
96769964
96769967
96775866
96783406
96789172
96816428
96891586
96891651
97116000
97320952
97425688
98321669
98444509
98511584
99048484
99052472
99088129
99089156
99151436
99161886
99165736
99167994
99274866
99281241
99294401
99468452
99893850
99953459
99962402
99966202
99966689
100050778
100141368
100280120
100286868
100292017
100292317
100300568
100328111
100341328
100346412
100400214
100429787
100429973
100459724
100462803
100496722
100526480
100800733
100800739
100803445
100804320
101713470
101731898
101731902
101906317
102151545
102204227
102615471
102634940
102643691
102645124
102655647
102727622
102744837
102753241
102783018
102851319
102932231
102977382
102978436
102988688
103046326
103162520
103236610
103297039
103322178
103325280
103377330
103379242
103561484
103570202
103574092
103575517
103581747
103667701
103683934
103707001
103707067
103780251
103780568
104258209
104378337
104599540
104599744
104600711
104630119
104630133
104630508
104646774
104679192
104689657
104689701
104689906
104689996
104690015
104696483
104832008
105047144
105113861
105117684
105147086
105225895
105583687
105583941
105584020
105822259
105841259
105856217
105858812
105890370
105899447
105941423
106000461
106021846
106024485
106067174
106090255
106107607
106107621
106126874
106335526
106341740
106437261
106542092
106924560
106940332
107254738
107256695
107262588
107268092
107268641
107272077
107272215
107275831
107549216
107549992
107550054
108150324
108178562
108184799
108189076
108191937
108193105
108195618
108303848
108324144
108324217
108324558
108324594
108361121
108386851
108388889
108397103
108399706
108502528
108506129
108507940
108524291
108526210
108573876
108578896
108616192
108616195
108658597
108685478
108797214
108841568
108878566
108993010
109214534
109257720
109311014
109322721
109447178
109448243
109618822
109694546
109697545
109776313
109918526
110127501
110237985
110244133
110247989
110248939
110251539
110261227
110324862
110324866
110327130
110338318
110366604
110366618
110433445
110469169
110469235
110469354
110469744
110711406
110951971
111072169
111101459
111135208
111221468
111222659
111366244
111431195
111512336
111542045
111542175
111581097
111606402
111620638
112018394
112018397
112018876
112018973
112091168
112097442
112380541
112810227
112812153
112816486
112908604
113090405
113094108
113687975
113820576
114867519
114869189
115122057
115205335
115217293
274230155
274521462
352032702
-1004930101
-997872600
-995986214
31215332
31590748
31605205
31615559
31768522
31798040
31943451
31980569
32093733
32123820
32193990
32549202
32570359
32572616
32572963
32598689
32598864
32612133
32628630
32639551
32647372
32678202
32678316
32695908
32701591
32747285
32747750
32751631
32761184
32761284
32787506
32792339
32793305
32840613
32844429
32870920
32874518
32881176
32896309
32896526
32896530
32896788
32900157
32904252
32929864
32958553
32972228
32975476
32975621
32976116
32989878
32989891
33045763
33049493
33053421
33075720
33077111
33078884
33079208
33086399
33088788
33093356
33093840
33105282
33126260
33147130
33164866
33201218
33208113
33257565
33267713
41686157
41687809
41701036
41701879
41702076
43518751
47579896
47655633
47679135
51337257
61486838
62420127
62552952
63857087
64411779
64453146
64548129
64550516
69755263
69805873
69810021
73052901
73069798
74219462
74530635
76213162
76869723
77678344
79889567
80683062
80778530
81425758
90633110
92564715
92595089
92604010
92611469
92645695
92658795
92660372
92664987
92676538
92806800
92832897
92832922
92869677
92892422
92892670
92905984
92906313
92906536
92955736
92955740
92955757
92955758
92956697
92957051
92973375
93071180
93075866
93075874
93078298
93121390
93128563
93141749
93146248
93195030
93195047
93220365
93297837
93388348
93404106
93414023
93415783
93416165
93422893
93512163
93696772
93755611
93822958
94002145
94005370
94143631
94144221
94325350
94337241
94339046
94339238
94342697
94343149
94346414
94348772
94431984
94433147
94631196
94653293
94653304
94665590
94678889
94843375
94844295
94984528
95248820
95249113
95270364
95459500
95471586
95513364
95574462
95763319
95776716
96174669
96186346
96192488
96272836
96279414
96288578
96288584
96288608
96288746
96289024
96299497
96335111
96381720
96526906
96536429
96556709
96556715
96557082
96587083
96596026
96610433
96704116
96735473
96735849
96746854
96763208
96812769
96814173
96817487
96914250
96947249
97079052
97114297
97114310
97187715
97242150
97425453
97440432
97699387
97755525
98176831
98228743
98254952
98255379
98546107
99042718
99044784
99048493
99088015
99088738
99088937
99089078
99089338
99089380
99089627
99151756
99165720
99165726
99165737
99167804
99285851
99506010
99536182
99643340
99684827
99866904
99983257
100013627
100023430
100090201
100098696
100141367
100255492
100257872
100279969
100280137
100285291
100285297
100343633
100346794
100347156
100383319
100385825
100391420
100430057
100459328
100496380
100499600
100526515
100585236
100713013
101713828
101732050
102044499
102276587
102606284
102636988
102641876
102647970
102653406
102654862
102655419
102739398
102747386
102752301
102753755
102783470
102783542
102783611
102962998
102992223
103054614
103057889
103068102
103149422
103157089
103239412
103307935
103379274
103560988
103560995
103659708
103707222
103784286
103900779
103901974
103955843
104021121
104087151
104087219
104258423
104575877
104600373
104600497
104600828
104634745
104639542
104668167
104677163
104689708
104689860
104690328
104707819
104708112
104711317
104813619
104992985
105047132
105077294
105137679
105147081
105154672
105154677
105583590
105590636
105683890
105748297
105762580
105821914
105822150
105826426
105831222
105835412
105922523
105940062
105941008
105941421
105950488
106006350
106049385
106069776
106076758
106108900
106108950
106108957
106108964
106124324
106306247
106338008
106344571
106349511
106351210
106432990
106541734
106552581
106629476
106675084
106749952
106854404
107211222
107226692
107255072
107255079
107259894
107262574
107267497
107273067
107275822
107488955
107550152
108176073
108195813
108199270
108199432
108278261
108280043
108295040
108324153
108324344
108324668
108387781
108401889
108404470
108508216
108523313
108666394
108697030
108920316
108920650
108952560
109103966
109247763
109248048
109312496
109312686
109314278
109323192
109326726
109337631
109413585
109432109
109432245
109532735
109545591
109556719
109693579
109765032
110052030
110052584
110052597
110127047
110171442
110244145
110244560
110249300
110324856
110324871
110331216
110469128
110469655
110469730
110628689
110629467
110641998
110781325
110960177
111078633
111144583
111399763
111428312
111511933
111546293
111546299
111547472
111578115
111969555
112097038
112097593
112771781
112798050
112808295
112813203
113020607
113105030
113134222
113210461
113239659
113314711
113957737
115151102
115204963
115206620
115305817
349962087
-1004922326
-997902483
-997872706
-996123682
-995986421
31597929
31598011
31651978
31716555
31891415
31944825
31946845
32037351
32129751
32476324
32544689
32570340
32572966
32582561
32605281
32609325
32612140
32628855
32632592
32636343
32680456
32787540
32793292
32874764
32896557
32896639
32904244
32940074
32966286
32985991
32989964
33004847
33034738
33045760
33047045
33049573
33082743
33082845
33093230
33093476
33094247
33116191
33116192
33164395
41684895
41699414
41704740
44795390
44855163
45059196
45126872
46776507
47226089
47235972
47243429
51336993
51337496
63838492
64740966
65805908
65904958
66080037
68743481
69917921
69952716
72011709
78606240
78612101
80204913
80480535
81672101
90617933
90631529
90925395
92608626
92658788
92670757
92779969
92869832
92955749
92955751
92975917
92975932
93041837
93070683
93071166
93071225
93105670
93114536
93135445
93135462
93160939
93180830
93200912
93260804
93297821
93362262
93385398
93401778
93415594
93614452
93839858
94001416
94326357
94327558
94327622
94328156
94330061
94330187
94330510
94338798
94340118
94341608
94425116
94551582
94653231
94665467
94670515
94842300
94844260
94931658
95220170
95258636
95262636
95347638
95395443
95477628
95593898
95594363
95693174
95776702
95776785
95812182
95858542
96174235
96190040
96190203
96195814
96288973
96289267
96356298
96358800
96514334
96520305
96536443
96586422
96586879
96587080
96590049
96623370
96626846
96706120
96736007
96757682
96772000
96776258
96779914
96780736
96789173
96806172
96815474
96816167
96891462
97101073
97110236
97187636
97338524
97485039
97616605
97619125
97705398
98008217
98176825
98240509
98242202
98255043
98318663
98533882
99045171
99048476
99048597
99089192
99089384
99089509
99152888
99387058
99387107
99459936
99468011
99468870
99535831
99982134
100279951
100279990
100281177
100283496
100285590
100317582
100347373
100350786
100361556
100383313
100383324
100385827
100430098
100430103
100459472
100481913
100498845
100509551
100510785
100526508
100540386
100542845
100583212
101085407
101688657
102067052
102634945
102638583
102644969
102645155
102647961
102658352
102738220
102742901
102783356
102931983
102977387
102982094
102984884
103290330
103290337
103299324
103307636
103378853
103379438
103565900
103566367
103568560
103577246
103581276
103660550
103706571
103706605
103706612
103899415
103907017
104011579
104083307
104488302
104599318
104600731
104600862
104600948
104639575
104690242
104707810
104999923
105139468
105147484
105154670
105605538
105791107
105821752
105856215
105858708
105868799
105881214
105886005
105899445
105924448
105941233
105941512
105963305
106000491
106005157
106005174
106018916
106024393
106037466
106041298
106047799
106089827
106103298
106107985
106109541
106124338
106156780
106163128
106333396
106343006
106347424
106347812
106349503
106685202
106752367
106854335
106871447
107238213
107254954
107257697
107259804
107261535
107261727
107266093
107267494
107268657
107549672
107608216
108176066
108180216
108180438
108182330
108182886
108183415
108190690
108294953
108324400
108384577
108390111
108397087
108404170
108505698
108569741
108595986
108684544
108750732
108811981
108878553
108920543
109247668
109248295
109310699
109325418
109396552
109401342
109444588
109618743
109646043
109757397
109957838
110115794
110171779
110234502
110234516
110248932
110324865
110324868
110327396
110330850
110344070
110365426
110376210
110469575
110469662
110506085
110588429
110588946
110953698
110967108
111095300
111170186
111366587
111381968
111384470
111444098
111499634
111512037
111541642
111541830
111542131
111576090
111605526
112089246
112091710
112210555
112798581
112897667
113240307
113318772
115166370
115206301
115206327
274230233
285581156
317833456
346491568
-996323233
-995986339
31061582
31604008
31645586
31702852
31797800
31807972
32123799
32476410
32476635
32544545
32549212
32549822
32555511
32572492
32589560
32612177
32632278
32672550
32688055
32751118
32787528
32792341
32800454
32896553
32900429
32910088
32919712
32958601
32968363
32970135
32975604
32986116
32996180
33034863
33111618
33112017
33116203
33152099
33194584
33201294
41654443
41659709
41675398
41685088
41691740
41699425
41700913
41705924
43502447
43519327
50931746
51337292
51845228
54634424
63403066
64550506
64755234
65078524
66079634
66155743
66277462
68582388
69477328
73057308
73295860
74129195
74183100
75039582
77860316
79430092
80892286
81663975
81672482
83766130
90636426
92594662
92614147
92677575
92822592
92833472
92892975
92913480
92913697
92962911
92971127
93041619
93105666
93107707
93131617
93135449
93137951
93153365
93201431
93220755
93229611
93297822
93297876
93373128
93388540
93403373
93408481
93408584
93408916
93419476
93629215
93696171
93697332
93821005
93827060
93927945
94001407
94143019
94143199
94302765
94326746
94326894
94327401
94327525
94328579
94335844
94336094
94340117
94342574
94343773
94346847
94423205
94425123
94425563
94471345
94471765
94560796
94619309
94620332
94844276
94851265
94918787
94988798
95000407
95201125
95229572
95251079
95268958
95347650
95354742
95361705
95501087
95527183
95586982
95812368
95848791
95881020
95945146
96180508
96186849
96186852
96190924
96271540
96278530
96279094
96279312
96288794
96335089
96340041
96358665
96372093
96381715
96391330
96526475
96526918
96586504
96586549
96586704
96587173
96592182
96619506
96652096
96693503
96706302
96717076
96735477
96735611
96735896
96744935
96744980
96768709
96769946
96783399
96785861
96812587
96965652
97103889
97196323
97306883
97315897
97616590
97618641
97618791
98132997
98165613
98615564
98619578
98629247
98707969
99047530
99048495
99089076
99089378
99089413
99167792
99172447
99463048
99468403
99968739
99996188
100015611
100015757
100020050
100090222
100138878
100147485
100147497
100153854
100280212
100281460
100294287
100325410
100345017
100346808
100347385
100347404
100350632
100383312
100430274
100499592
100522070
100523619
100543200
100808171
101085145
101729885
101933209
101936898
101937261
102051589
102198290
102634952
102641204
102651699
102654367
102743018
102783364
102783494
102783697
102846360
102860771
102901820
103075087
103297462
103307628
103379506
103578948
103707191
103784287
103894167
104481992
104599343
104600342
104600735
104630076
104630496
104630536
104630660
104690092
104690235
104690397
104696394
104707812
104732896
104816741
104838055
105009581
105047193
105047392
105056661
105066693
105077518
105154684
105582446
105771647
105810072
105821004
105821759
105821766
105825817
105856222
105866170
105883916
105885033
105895412
106000925
106004501
106005163
106014999
106019575
106021598
106030310
106034946
106034966
106090188
106108945
106126796
106283513
106333403
106335584
106349303
106349655
106556281
106626585
106749950
106845584
106878515
107033670
107252555
107261296
107262620
107265377
107268346
107268409
107273028
107549720
107550140
108135379
108148670
108191613
108199470
108287758
108324300
108324657
108392634
108507639
108670008
108704150
108741901
109115458
109195827
109214520
109248313
109325429
109326957
109399969
109641753
109646105
109664997
109694966
109695123
109773340
109773578
110125328
110171941
110234523
110273111
110323545
110331202
110337037
110363659
110364486
110366616
110368095
110469764
110588270
110684499
110766242
111221471
111221484
111379726
111386708
111444082
111540957
111542165
111557016
111576084
111582340
111607906
112018539
112018915
112081572
112212468
112217603
112802418
112809218
113097959
113107383
113229427
114841175
115060898
115906490
274230667
274514311
346492529
-1004916715
-997902117
-996382800
-996131684
31089949
31768374
32105685
32158305
32179307
32476821
32553960
32554018
32554019
32555654
32582591
32612297
32612387
32669557
32701678
32749086
32787533
32930101
32966274
32966279
32968346
32975538
32975605
32996293
33002357
33075575
33079337
33079457
33105067
33111495
33111612
33116188
33116190
33116198
33116200
33124004
33164692
33198220
33202162
33202406
35233454
41684943
41691343
41702301
43082185
43518591
43524365
46595683
53183804
53668858
61093366
63869244
64013887
65803670
68768468
69476336
69476694
69487642
72276012
74156826
74182700
76268960
78060752
79705048
80684400
81664341
83541436
90632666
92496481
92608018
92634146
92660360
92734940
92748529
92893093
92903861
92906109
92906293
92955722
92955754
92970154
93011912
93041533
93041954
93071721
93071835
93075868
93075879
93079941
93205563
93297834
93403148
93419176
93548394
93629122
93697026
93820636
93820651
94327441
94327630
94336792
94337237
94337875
94338868
94341717
94341721
94345576
94433028
94478629
94534681
94570216
94620294
94722558
94843609
94844771
94988995
95219376
95219519
95404365
95471649
95767774
95772662
95849015
96142897
96179147
96198777
96265231
96288994
96384395
96646208
96651962
96667704
96667716
96735455
96744963
96746850
96764285
96765370
96770669
96776213
96783407
96783421
96788547
96799966
96816293
96854372
96914205
96914264
97096310
97107352
97199523
97199819
97203024
97308474
97447684
97499703
97616586
97616598
97999284
98119210
98321567
98333493
98348972
98511296
98707981
99042710
99042714
99047520
99088934
99088948
99089028
99089131
99089447
99089466
99282654
99283195
99285843
99684754
99869719
99872687
99953131
99964328
99966231
100019672
100022515
100031590
100049375
100089241
100090207
100280640
100281149
100287488
100315075
100343629
100345172
100345404
100346799
100346805
100346806
100353533
100383307
100383838
100500126
100508235
100525654
100529963
100790921
100790988
100792277
100810347
101085579
101198233
101725405
102487902
102589510
102606363
102617858
102783468
102792549
102794429
102860763
102860777
102932421
102968995
102982466
103062114
103160760
103162534
103162535
103243348
103243355
103300419
103379282
103379412
103563716
103568539
103571304
103580647
103663009
103707225
103726098
103782018
103899085
104107344
104564717
104591676
104599834
104599840
104600363
104629100
104690290
104700403
104707151
104709879
104710325
104922108
105047348
105187972
105526712
105526946
105537377
105566178
105582749
105583910
105683375
105747821
105822224
105822293
105822356
105856221
105886721
105887186
105948081
105969663
106000829
106001039
106005172
106050664
106089979
106090505
106090564
106107034
106108962
106111219
106126362
106160378
106331219
106333395
106428287
106550061
106626612
106749938
106894769
106940343
106940956
107033739
107254722
107255089
107256481
107256483
107258809
107262729
107264575
107267187
107269504
107274174
107548849
107549630
107550264
108115301
108179561
108192501
108194548
108196553
108197855
108201587
108268748
108271562
108324401
108324580
108388983
108399623
108401562
108473109
108473561
108596019
108616213
108699767
108750750
108771537
108865793
108900807
108920526
109202554
109248101
109311013
109311302
109320788
109325411
109330449
109413571
109441850
109523001
109621841
109641742
109642094
109735336
110171252
110234535
110261025
110261152
110324820
110324838
110327327
110327427
110353164
110365364
110469268
110548400
110588274
110588518
110588736
110597796
110621280
110625151
110627565
110628670
110767442
111116483
111165707
111244224
111366585
111384458
111542008
111542141
111963518
112018295
112091179
112216829
112814154
112906115
112942153
113008393
113098024
113105045
113141786
113238733
113402086
115060196
115205273
115674131
346492532
352032706
-995902005
31061570
31627327
31634943
31645091
31678635
31956931
32000903
32019005
32135476
32139924
32211083
32542048
32543684
32554016
32554020
32558909
32569190
32572431
32588255
32589540
32589546
32598654
32605288
32606519
32612161
32641808
32701668
32704458
32755335
32787494
32789614
32789707
32801788
32874717
32929974
32940050
32958564
32966249
32966407
32970118
32970130
33002191
33049124
33053423
33059067
33079350
33105063
33105101
33111535
33111608
33116194
33116207
33116208
33151067
33201099
33208114
41637824
41687564
41689056
41692650
43501253
43506103
43508873
43512831
43518290
46904618
63403083
63860847
63949602
65078525
65266799
66079492
66800310
68689190
68931687
69477057
70013176
70793495
71645561
71933672
74114257
74341883
75416646
78733436
79143449
79777777
80066956
80774724
85613073
90633539
90646034
90651353
92604017
92608213
92629365
92758139
92776649
92833410
92833503
92873592
92913805
92955719
92955738
92957926
92958244
92960693
92963331
92970151
92970170
93012108
93041930
93071416
93074919
93083918
93088119
93195043
93406232
93421931
93423142
93499683
93508531
93547810
93547912
93616049
93839874
94011010
94309080
94311870
94325361
94325444
94329116
94329826
94331475
94332002
94333294
94339192
94339682
94343021
94345700
94346520
94425120
94653376
94679102
94715876
94731323
94761645
94931652
94995941
95248844
95250922
95255626
95267730
95356342
95394902
95461556
95547102
95578659
95589090
95594380
95848789
95935816
96190776
96192618
96288653
96298113
96335360
96393252
96418721
96505915
96514325
96587090
96597467
96620263
96650933
96663032
96665215
96667890
96695274
96705806
96706027
96715185
96722534
96735453
96735659
96736004
96744977
96765922
96768992
96775753
96780544
96780985
96781102
96814121
96891412
96891598
96895065
97103998
97116629
97187171
97306873
97436122
97513275
97616607
98255434
98298289
99047519
99089024
99166129
99274494
99468447
99974547
100015865
100025310
100077694
100079983
100095359
100112458
100279598
100280796
100292021
100315093
100383316
100399938
100464753
100480022
100522379
100526509
100681026
100789949
100807805
100808695
102070159
102606791
102618289
102637056
102639316
102648926
102655344
102658306
102660461
102744716
102747365
102770198
102854997
102863271
102931905
102974389
102977258
102991649
102991769
102992148
103079984
103133425
103274007
103274014
103290338
103307650
103325078
103531307
103564885
103573410
103578944
103707139
103769579
103812792
103855426
103898764
104015625
104079525
104166868
104452765
104502771
104565667
104600491
104630164
104644134
104670828
104688691
104690011
104756410
104816023
104822626
104835730
104837653
104898779
104918483
104935116
105006695
105008912
105009559
105047238
105047727
105076998
105077387
105077525
105127990
105154675
105497752
105498054
105557054
105583980
105821710
105822136
105828789
105831232
105866350
105887920
105901519
105930655
106021726
106035359
106037454
106335834
106342818
106542079
106625989
106748780
106855338
107223889
107225737
107252550
107256188
107266104
107271027
107272063
107273334
107944007
108178593
108178600
108186250
108190056
108199335
108280505
108324189
108324265
108324719
108324812
108324837
108346585
108397106
108402606
108404377
108404535
108473468
108507370
108685822
108694052
108771178
108920037
109248224
109260478
109325424
109325717
109546011
109555089
109624911
109665003
109765127
109770722
109797878
109801674
109803262
110123048
110124355
110132885
110234537
110234538
110261003
110324836
110324854
110324867
110327172
110327410
110355079
110469190
110588629
110628761
110642002
110684819
110713439
110767599
110919233
111222866
111433813
111500161
111540194
111542258
111548789
111560926
111578580
111961433
112097086
112201918
112796167
112809535
112813729
112814167
112814302
112900348
112906104
113101341
113135989
113287620
113318786
114867516
274535589
285581149
-1004833031
31061588
31061877
31061939
31651976
31659095
31808085
31834194
31836330
31873112
31943591
32090029
32128386
32140440
32282703
32476424
32476627
32476734
32477013
32545017
32549646
32554022
32570361
32572541
32582604
32584972
32610152
32631956
32641950
32670831
32687756
32688034
32701662
32704152
32731575
32733816
32787526
32792344
32792348
32793300
32874522
32879947
32900074
32930464
32958536
32958586
32974274
32985712
32989974
33049087
33049577
33093764
33094157
33094370
33116193
33116209
33194615
33195964
33198497
33200868
33200992
41666317
41686197
43501340
43514639
43518157
53704886
63180455
63405610
63488621
63840803
64070498
64314373
64550498
65078583
68484433
68751998
69728177
69749108
69923169
70727902
74005560
74118521
74637316
76267497
77860321
79189992
85616120
90639196
92660108
92664581
92891424
92892540
92912953
92933130
92938940
92939500
92955760
92962698
92968918
93039960
93041923
93042116
93070293
93071680
93071838
93080422
93090284
93108160
93137963
93140602
93195042
93297820
93297833
93402753
93408714
93415531
93547906
93548456
93612638
93696981
93820650
93820655
93820943
93927940
94300404
94325785
94325787
94325905
94326347
94328387
94329115
94333435
94339170
94343730
94345437
94345452
94427644
94546891
94620388
94627553
94637063
94665507
94671475
94843402
94843613
94844222
94918546
94918881
95021470
95229566
95257070
95266214
95395498
95435806
95467804
95474052
95765935
95767734
95785544
95972009
96019454
96174443
96183839
96269267
96289173
96298112
96307945
96325364
96370343
96391665
96396423
96597912
96705918
96706031
96723836
96736045
96789176
96802299
96813198
96844311
96854682
96981075
97098824
97099152
97306869
97390857
97616604
97791946
98244122
98619144
98629302
98716200
99046774
99048478
99089086
99151942
99152278
99161892
99168226
99169218
99172445
99276491
99281202
99283000
99285858
99463982
99468445
99855259
99879924
100005357
100020055
100025965
100060417
100090214
100147245
100279610
100292013
100294432
100330678
100344867
100344886
100346809
100347967
100429461
100429537
100429943
100429977
100460006
100481982
100500088
100522131
100583195
100589397
100722628
100792929
100810099
101713946
102637436
102655571
102744634
102752453
102764639
102783276
102783281
102813502
102820009
102856730
102858586
102982163
102991137
103144362
103200350
103379190
103560528
103566373
103578117
103706975
104007926
104096956
104113494
104498078
104510906
104600269
104600838
104630060
104630504
104637324
104641037
104656601
104671016
104689746
104689900
104699174
104701064
104830072
104922122
104965093
105006688
105047148
105047709
105077081
105111444
105156403
105226346
105556991
105557058
105564160
105583724
105732343
105792437
105827604
105862468
105886006
105886010
105902656
105951841
105954374
105962265
106005577
106013077
106013925
106014576
106049375
106067632
106111034
106345891
106348462
106758426
106769164
107026810
107223896
107254593
107255527
107256490
107257878
107259984
107269601
107271974
107272468
107273176
107278066
107550265
107608426
107860957
108159103
108180340
108185252
108195512
108196549
108199235
108218454
108271574
108285922
108324158
108324248
108324513
108324792
108325595
108360997
108386723
108388974
108409812
108448386
108465467
108505685
108596318
108604126
108650837
108694033
108695436
108704142
108704333
108894889
108919602
109310689
109325410
109430597
109432233
109443095
109610207
109674256
109757034
109757414
109761319
109786118
109794995
109872268
110234531
110247974
110250478
110260928
110324853
110324858
110324869
110324872
110327400
110338307
110338326
110364795
110433457
110468145
110469283
110469465
110506087
110627577
110726700
110773867
110948991
110962246
111102313
111144890
111221485
111366299
111366303
111482394
111541587
111612129
111983890
112018160
112097706
112568324
112772101
112793677
112796205
112806701
112815857
113101617
114057382
114742575
115213424
115225424
274230486
274523779
338179872
-1005389651
-997902454
-995902002
-995901987
31065721
31068274
31268275
31675440
31917051
31950794
31972792
32012912
32122068
32217074
32476331
32476786
32549567
32550699
32551241
32554936
32554986
32570358
32588261
32598846
32598940
32606587
32612100
32635850
32642109
32642242
32650070
32707247
32721834
32749104
32751112
32755138
32787507
32787544
32789700
32874423
32880319
32904093
32910321
32958598
32958602
32958603
32960762
32961192
32966291
32966462
32968652
32970806
32999490
33002048
33002064
33045576
33075209
33078878
33081700
33081744
33082139
33085985
33088958
33098409
33111624
33116189
33172566
33258072
41682547
41696099
41697506
41698473
43508030
43663824
44795473
46787361
47520971
47638368
51542557
59222063
62419820
63628637
66089149
69606513
70955660
72501133
74226945
74517263
75023817
75592491
76869709
77690283
77860334
78246808
79430104
79651381
79788097
79847235
80790062
80812540
81385585
81663986
81663998
81664007
82410846
83389091
90633546
90635986
90642829
90648592
90649689
91928527
92486308
92628996
92645877
92660348
92718377
92748166
92752628
92762796
92803137
92861783
92862147
92891504
92901920
92901942
92903863
92914507
92955755
92957887
92958752
92973074
92973620
93041494
93041889
93071211
93071521
93075882
93077182
93090123
93091121
93105660
93193455
93195025
93195035
93220707
93372334
93403880
93404740
93406989
93409805
93420361
93492432
93740272
93926591
94105312
94323241
94323251
94325368
94327531
94327623
94328584
94331561
94332235
94333350
94341258
94341733
94423202
94431065
94432067
94434409
94470600
94471495
94560717
94560965
94620732
94630981
94665569
94679138
94750427
94761649
94844783
94848485
94994655
95027315
95148118
95269941
95458199
95474331
95843015
95848374
95936487
96180322
96186389
96289228
96328950
96339772
96341002
96389400
96390369
96396135
96514326
96586594
96586842
96590785
96600124
96610430
96623538
96666631
96706090
96706254
96724797
96736131
96746857
96765340
96765836
96768158
96770252
96789282
96799738
96801768
96834566
96848968
96961414
97114293
98211845
98211857
98482882
99047116
99048494
99048498
99076114
99088572
99088966
99088982
99089586
99387527
99387537
99904695
99966817
100023034
100034896
100049350
100090219
100090507
100279955
100292028
100304521
100347094
100348182
100348909
100356962
100383305
100392540
100429849
100459583
100509538
100526513
100681343
101024308
102612100
102614285
102625822
102634930
102637039
102637349
102638878
102639090
102640195
102641260
102645034
102647775
102650993
102654687
102655212
102657126
102753269
102783648
102783666
102792546
102819995
102832163
102977327
102992129
103149406
103162824
103230141
103264386
103416323
103562403
103563482
103565714
103567209
103652779
103787520
104026960
104077391
104077410
104084733
104097113
104520410
104591878
104601024
104630318
104634774
104667124
104678021
104690221
104693060
104708701
104710313
104765819
104830624
105121342
105583931
105801430
105884821
105887883
105887927
105899453
105899814
105902053
105922816
105923489
105940937
105954386
106013937
106017183
106067259
106089923
106098701
106099351
106105313
106105798
106126865
106339239
106344890
106348934
106352400
106552619
106556151
106626650
106671342
106726403
106749944
106750299
106851466
106935194
106937436
106940414
107017530
107236292
107240152
107252548
107255963
107266091
107268176
107268464
107268967
107270552
107272443
107275915
107550153
107550171
107608334
107947501
108179054
108181399
108183010
108183325
108186165
108196697
108280125
108324214
108324372
108324402
108324703
108333892
108346599
108390955
108404383
108448038
108506192
108698277
108741228
108741432
108778155
108841232
108869225
108920220
108920651
108923523
109210103
109310656
109441905
109441917
109545727
109773951
109797890
110116930
110131536
110160736
110171380
110187896
110234524
110260090
110323359
110324833
110353012
110366904
110373012
110442607
110469096
110469353
110469407
110543781
110640343
110658507
111017390
111175064
111376956
111381958
111387062
111512384
111521317
111541800
111542207
111560042
111578592
111578974
112018260
112018756
112091182
112097154
112796026
112817037
113105023
113209866
114742874
114983031
115204905
115789117
120958333
