31119232
31658831
31834214
31902910
31944030
31986684
32135476
32158306
32244673
32247674
32248850
32328474
32476352
32549166
32555181
32572431
32588255
32589563
32598654
32602568
32641808
32660868
32662858
32695770
32701660
32704458
32725809
32788586
32793314
32929974
32930484
32934098
32940050
32958564
33002358
33002359
33079338
33079350
33089826
33105063
33111535
33111608
33116194
33116207
33116208
33194661
33201099
38932622
43508873
45747311
46049341
50083175
64375072
68689190
69808109
72857492
74123445
75397767
80066956
90584436
90632268
90633441
90635174
90642710
90646126
90926428
92832294
92832834
92833503
92861730
92906548
92955738
92970170
93022242
93074919
93081641
93092544
93115368
93122343
93124872
93131614
93377843
93406540
93420127
93423142
93508531
93733591
94143722
94293693
94298622
94325747
94337766
94342680
94346520
94425120
94432449
94471344
94471888
94931652
95223698
95265743
95356342
95461556
95468376
95468390
95471273
95589090
95812524
95990864
96143920
96190356
96190776
96272151
96288628
96393647
96397090
96430120
96514333
96562481
96586681
96593290
96650933
96651126
96665565
96695525
96705670
96722534
96735447
96736020
96744977
96765484
96774337
96778503
96778901
96780985
96781102
96858323
96884804
96963112
97098088
97103998
97112278
97187171
97187373
97616588
97616592
97616608
97618743
97621890
97759316
97838116
98359667
98438241
98760769
99047518
99048783
99088200
99088528
99089524
99165704
99283125
99327520
99452696
99463935
99468447
99964309
100015928
100015932
100112458
100112466
100162003
100279624
100344876
100344877
100480022
100526119
100526509
100528899
100636885
100799772
101085459
101686084
102617984
102637489
102658306
102733489
102734535
102846350
102932566
102964951
102977258
102977642
102991742
102991938
102992148
103061895
103111312
103111322
103200097
103200475
103211515
103378932
103379468
103390250
103458864
103537787
103578371
103578944
103664466
103668541
103786881
104011718
104123779
104494680
104502771
104581926
104600421
104600702
104630433
104644134
104646936
104667120
104670828
104689736
104689856
104690232
104693104
104710382
104770598
104808876
104935116
105008912
105009559
105077525
105150845
105821338
105821710
105822136
105866536
105881875
106001009
106012846
106021712
106080827
106156657
106317714
106331374
106331603
106348946
106422381
106554193
106625989
106748362
106853830
106922948
106940960
107252536
107256188
107261292
107271027
108133395
108178593
108183972
108186250
108195598
108199335
108280528
108386996
108389135
108401911
108404535
108473193
108473674
108505692
108625531
108685822
108694052
108901150
109247673
109321377
109325717
109492745
109704057
109735298
109761226
109769328
109788306
109876081
110171743
110245673
110260629
110324867
110327172
110327339
110336949
110355079
110366669
110468361
110469299
110469731
110588860
110611239
110625268
110684819
110722051
111086400
111221474
111429150
111441546
111548789
112097033
112749884
112806369
112814302
112814474
112815307
113090095
113101341
113105041
113150879
113318786
113391903
113566353
114851798
285581149
-1002981571
-997902779
-997872776
30809081
31604834
31636259
31651730
31713109
31748348
31834233
32096261
32241375
32254801
32314453
32476317
32476461
32476937
32540135
32541714
32549491
32554014
32555116
32559042
32569073
32582682
32598640
32605471
32628682
32628786
32632106
32680593
32691538
32747787
32747912
32751457
32761055
32787495
32787545
32896473
32896505
32896756
32900652
32958592
32966240
32970138
32989961
32999725
33002067
33049490
33111617
33197985
33200986
41682544
41702334
46904633
50010804
50938168
51336861
51337063
62237477
62238046
63350423
64093499
65197716
65290051
65292177
68468601
68484726
70488762
73844952
74348393
76880356
78851356
83349898
90926210
92611357
92621033
92748179
92833082
92833228
92891973
92918912
92955744
92956849
92958450
92971131
93021084
93041561
93076175
93092541
93131603
93138035
93152014
93297835
93402309
93547813
93822972
93924536
94315662
94329753
94332430
94333039
94339890
94342224
94343314
94343734
94344881
94346663
94433016
94470369
94627515
94634713
94637180
94678926
94744165
94843709
95246763
95266143
95267255
95272293
95462378
95473918
95592939
95831483
95990678
96170283
96175308
96276529
96288512
96289180
96585471
96593790
96593893
96597944
96604653
96634463
96705820
96705823
96755004
96776459
96786003
96788558
96813497
96815842
96913599
96963118
97618934
97705513
97838315
99047522
99048444
99048488
99089272
99162436
99168753
99175977
99275962
99283124
99405026
99457060
99463642
99535869
100056390
100125757
100221158
100281167
100344879
100345409
100346795
100346798
100346908
100355671
100429595
100542839
100795157
100798011
100808381
101000967
101310682
101729894
102426156
102616433
102649889
102651499
102734342
102739015
102846367
102861070
102970547
102992130
103561568
103655628
103660316
104069929
104257118
104301738
104600284
104600517
104684408
104690046
104690170
104690274
104693395
104699124
104758738
104824300
104830396
104835838
105002101
105009578
105011912
105056666
105143576
105544109
105583442
105583516
105583630
105583965
105664230
105822386
105822542
105827956
105858618
105951441
106090292
106103367
106162759
106333929
106335603
106345176
106556070
106556425
106878086
106940367
107254886
107255094
107255763
107257576
107272931
107549510
107940093
108160931
108179089
108189611
108196545
108197851
108270706
108285760
108285963
108323535
108324617
108334020
108386882
108397929
108460297
108526010
108601796
108670010
108686580
108690809
108741378
109327123
109441299
109499352
109651890
109731538
109761143
109765089
109788344
109788857
110052615
110171569
110244139
110247972
110247987
110247992
110250185
110250335
110253853
110324826
110324850
110324855
110327210
110338304
110374784
110469344
110496918
110621352
110726783
111063877
111142968
111366575
111368730
111370055
111541645
111590440
112646644
112776490
112798685
112803700
112900335
113004807
113005098
113018555
113105026
113395743
114259823
114312518
114391070
118449498
274413151
334323150
346492523
350945334
-1000293322
-999259644
31243289
32048611
32476348
32476658
32476821
32546715
32550706
32551793
32554943
32555654
32576333
32605042
32609133
32612387
32632406
32647840
32669557
32695894
32698694
32704459
32747516
32787496
32788960
32790134
32958566
32996169
32996293
33002357
33002377
33075551
33079457
33083038
33111495
33111612
33116188
33116190
33116210
33151967
33198220
33201301
33202162
33202406
35233454
41702301
43518591
43519331
45841765
46895692
51215325
51337077
54633477
63350578
68993435
73175056
73293348
74132216
75261381
76098217
81158652
83766031
84748967
90637564
90642844
90648729
92604122
92734940
92815449
92816413
92867329
92892479
92903861
92955741
92960707
92960895
93029214
93029406
93041293
93041575
93041699
93041954
93071835
93075879
93090638
93092552
93110811
93113926
93121263
93122575
93195045
93220335
93370172
93385179
93629122
93700179
93822970
94304093
94305197
94306481
94336792
94337223
94337237
94337875
94339688
94342045
94343161
94423185
94534129
94534681
94842207
94843609
94924937
95356356
95395424
95461569
95471941
95950324
96271686
96277931
96279987
96289170
96354177
96415880
96587018
96593661
96603293
96604671
96608780
96651103
96652328
96667704
96691419
96695270
96706213
96735455
96736014
96764680
96765640
96773372
96774561
96776213
96783416
96783421
96788547
96885000
96891546
97096310
97616598
97625082
98026083
98165422
98165661
98267807
98688532
98722353
99044915
99048481
99088342
99088942
99088948
99089462
99089472
99166698
99283112
99285843
99290800
99386942
99405012
99405013
99639597
100125770
100280572
100280588
100346805
100346806
100383307
100429581
100429965
100494368
100508203
100508235
100525654
100798082
100803693
100811167
101731699
101937260
102053727
102605382
102608462
102623613
102627351
102753547
102783562
102860763
102863555
102983045
102991249
103062114
103157932
103162721
103209624
103379282
103662396
103705520
103773369
103782032
103782083
103898753
104011702
104107344
104123800
104511471
104581904
104581916
104630323
104630402
104635138
104690086
104705539
104762734
104952950
105143259
105143764
105144107
105147250
105526946
105537377
105583916
105583929
105583946
105747833
105821770
105822293
105899450
105948081
106034965
106047753
106111443
106194594
106333298
106333395
106348395
106352616
106556498
106625138
106940343
106940956
107034740
107254722
107256481
107261283
107262729
107265132
107271870
107272325
107275825
107275957
107549792
107550264
108324623
108401562
108401903
108505694
108625339
108705996
108841721
108865793
108873975
108900807
109248101
109330449
109407362
109519261
109539733
109548793
109693024
109694690
109735336
109760839
110052391
110171196
110171252
110171259
110171869
110234535
110260901
110261025
110324803
110324838
110327327
110327427
110358248
110370183
110469792
110542024
110548156
110588274
110588518
110625151
110634858
110767442
110962548
111116483
111221463
111384458
111402180
111576075
112213946
112777434
112796077
112802857
112814154
112906115
113008393
113141786
113209883
114867505
274230317
285579675
312315535
351032021
356650303
-996601496
-996509701
-996318094
31092629
31629284
31649256
31658799
31717206
31916970
31956776
32474749
32476833
32554003
32554005
32554964
32556263
32589579
32612143
32636312
32728472
32761328
32766849
32792349
32866830
32896281
32900649
32910197
32970124
32986193
33045580
33049589
33064725
33082141
33083026
33118676
33121535
33201528
39270876
41685158
41705930
43502487
43522440
44876055
45007837
47654813
66238186
71843620
72231162
74232555
79705698
80772180
80772195
80772196
90633111
90637205
90643682
90652571
92629014
92668704
92818533
92832984
92833569
92892550
92901503
92918916
93041521
93071084
93071308
93089622
93131618
93135416
93145598
93297871
93320455
93402372
93404102
93406290
93413702
93418083
93418209
93420213
93628092
94103189
94224408
94325640
94330311
94332613
94339919
94425543
94433148
94471547
94482741
94620877
94657292
95364522
95468388
95770161
95811922
95821438
95936017
96143603
96174237
96184935
96262844
96278417
96279646
96280565
96288596
96288598
96288632
96288949
96321889
96335121
96454420
96557299
96604665
96608671
96650947
96658907
96662782
96667477
96705727
96705798
96706211
96744976
96783403
96783404
96783406
96783413
96816185
96891400
96891651
97425688
97427706
97439997
97526782
98165100
98174944
98240438
98314300
98504461
98542801
99044840
99047535
99048484
99052472
99088537
99161880
99165722
99165736
99176411
99452682
99459988
99463780
99468452
99961578
99964317
100020065
100025206
100031586
100049422
100251383
100280616
100281040
100283916
100345279
100346412
100346800
100460007
100464009
100773577
100803445
100807827
101731902
101932678
102194498
102204227
102629709
102634940
102637544
102653422
102740657
102742843
102744717
102744837
102783026
102863283
102932231
102991870
102991928
103046326
103111309
103325280
103340657
103449397
103561484
103568557
103655662
103660301
103666419
103707005
103781429
103785408
104107332
104133149
104502386
104502465
104581936
104634738
104634777
104689701
104707818
104736306
104760201
104832008
104964500
104964566
105047144
105127979
105203235
105583741
105820768
105844397
105869425
105884438
105889853
105940934
106000461
106001191
106003929
106007747
106017135
106030434
106034954
106060901
106096087
106098693
106105799
106126874
106156153
106204172
106335526
106347506
106349412
106439252
106658942
106660968
106930792
106940303
107227657
107238738
107256687
107265243
107268092
107268641
107272077
107550106
107608861
108146508
108178562
108193105
108273350
108324558
108324606
108334723
108388968
108404349
108430390
108706165
108741818
108741904
108840333
108841568
108918173
109214534
109310963
109311007
109427004
109644696
109694546
109695165
109757468
109776329
109803179
110122579
110127501
110132802
110170260
110171449
110171655
110247970
110250246
110260817
110324829
110324837
110324862
110327130
110335046
110366604
110366618
110469354
110486003
110621624
110727052
110767269
111048941
111101459
111223843
111619088
111685716
112018394
112091168
112097442
112201847
112210020
112777665
112781401
113094108
113318715
113820576
114059510
114802689
115286722
274521462
346327729
350953021
-998080929
-997902369
-996647203
-996488823
31089924
31560329
31934765
31973300
31980455
32476737
32551666
32554938
32557365
32572932
32605481
32632526
32679999
32701603
32787516
32787541
32789062
32792345
32849579
32880327
32896398
32930579
32989968
32993345
33075637
33094227
33109170
33116164
38948711
41686925
41702477
41703185
62237475
64590372
65289949
66296384
69609695
70728495
72231157
77374213
78772923
81880959
90634072
90638151
90648611
90652336
92635264
92936750
92939164
92955750
92955753
93071618
93075862
93086786
93107695
93135451
93135457
93135458
93135465
93140482
93239461
93399733
93402257
93402301
93409518
93409759
93413267
93415253
93420209
93695844
94067765
94325514
94325778
94336795
94336929
94343158
94344040
94471395
94631259
94636868
94678859
94843272
94995958
95231798
95468232
95593850
96174355
96264813
96278511
96321828
96340003
96358811
96526967
96600082
96600202
96600208
96603912
96604278
96620994
96621012
96623427
96634452
96705221
96706182
96706341
96715168
96735859
96735893
96736132
96744940
96773552
96783418
96785681
96799739
96813190
96814169
96814170
96884470
96914201
97082433
97110373
97425511
97436138
97619012
97789873
97908271
98243172
98244138
98328498
98629307
99044919
99088545
99089004
99089168
99089303
99089396
99089513
99166025
99272634
99460773
99466663
99506018
100017166
100030987
100046974
100076154
100112523
100118702
100138748
100141750
100280506
100281260
100347302
100399904
100429541
100792569
100794973
101718681
101720605
102130727
102276829
102639312
102650487
102651899
102728483
102753259
102966585
102992190
103200654
103241306
103307647
103560571
103562917
103666709
103785528
103900795
104015424
104107420
104256247
104591879
104599231
104600719
104634712
104634769
104635510
104678028
104689574
104689905
104711651
104824238
104893368
104965057
105077608
105088348
105560318
105583304
105583804
105688391
105792502
105821794
105833126
105838228
105869131
105888147
105941300
105947616
106003433
106090412
106334038
106352293
106552168
106553494
106633198
106633316
106748522
106752593
106894704
106940504
107252546
107271024
107548986
107860939
108136283
108176060
108190709
108199343
108268620
108276022
108331722
108384598
108386707
108401472
108404028
108503326
108625284
108662360
108771305
108838600
109247755
109248258
109413640
109441981
109448229
109619628
109695012
109695105
109757398
109772280
109797892
110052280
110171194
110234521
110248931
110251482
110324857
110324863
110332540
110355241
110366687
110469111
110469262
110469562
110469670
110469689
110546223
110581107
110588696
110640232
110946620
111303410
111366591
111395835
111433589
111541836
111557206
111576066
111576086
111612131
111984603
112795719
112795939
112810620
112815314
113370246
113682690
113688006
115205352
115299961
115302455
116605005
117913050
-1000294274
-996323213
-996050911
31643958
31645339
31655569
31658796
31691264
31768449
31834167
31835750
31882708
31913154
32012433
32158223
32476631
32544118
32554021
32554983
32632076
32673880
32687741
32734259
32736937
32747663
32761180
32867014
32870268
32900199
32909763
32939981
32958584
32966287
32992449
33002049
33049014
33083055
33108938
33111742
33121099
33124509
33194801
33197976
41684963
41684974
41691302
41692738
41703037
43513796
43522210
43967425
46895564
47654858
48442725
51337406
64753100
65291046
68066055
68467072
71756311
71843627
74339252
75160172
83581623
90633538
90637915
90645728
90649090
92748174
92822309
92833087
92833197
92892885
92901933
92955748
92958988
93012160
93041455
93071415
93076106
93131621
93135446
93135461
93153361
93231562
93399724
93403333
93411760
93415525
93742048
93927924
94103172
94269461
94299758
94327407
94332116
94335949
94343141
94343523
94480856
94843292
94852023
95251801
95260309
95266676
95468228
95471864
95580827
95702293
96170284
96172643
96191928
96288650
96328389
96391279
96393244
96418719
96604657
96691431
96705669
96705796
96706247
96712784
96715138
96725308
96735881
96736038
96768392
96799736
96827957
96831993
96834862
96846098
96854679
96961418
97106512
97496603
97618727
97755401
98254794
98333494
98438258
98615580
98712316
99047521
99048491
99088944
99089317
99161893
99162367
99165723
99167048
99405024
99685347
99953352
99965241
100017165
100087476
100090569
100112393
100279996
100292016
100292022
100345319
100346787
100346789
100346790
100346801
100348292
100358626
100383612
100383674
100583193
100585546
100649043
100704400
100790381
100801561
101478167
101721448
101922827
102053737
102590209
102639965
102642978
102655423
102820007
102865581
102866510
102969900
103200229
103575141
103579092
103651984
103659589
103668346
103668358
103856094
103856945
104080000
104086553
104124206
104258417
104600527
104600748
104689656
104689715
104693001
104701092
104708878
104711477
104715149
104809978
104824312
104832489
105008833
105047734
105139648
105408258
105535445
105560881
105582821
105832773
105889842
105902556
105902573
105941247
105941457
105941550
106009151
106011228
106013429
106049363
106081428
106089751
106090425
106098617
106105220
106110362
106130587
106331551
106336283
106352410
106438222
106672589
106884036
107032833
107258814
107259618
107259708
107260451
107268340
107271020
107272435
108190048
108196859
108324718
108518384
108524258
108532282
108569541
108580643
108633198
108684585
108688021
108728288
108873754
109248265
109314361
109443083
109444575
109626231
109651806
109757585
109797961
110324852
110336586
110358296
110365440
110433446
110469172
110684695
110783877
110955804
111069646
111102299
111115859
111133280
111135475
111370043
111441751
111552988
111578262
111884790
112018821
112093780
112095031
112201835
112801795
112808313
113004534
113012092
113015058
113097766
113149552
115270175
115276508
338179879
346492526
351031995
-1004927483
-1002944557
-995986421
31560347
31619580
31705118
31761333
32007450
32476324
32542052
32553617
32555126
32558536
32570340
32572760
32572966
32582561
32598895
32598909
32612140
32632592
32680456
32687745
32787518
32792334
32792353
32826158
32940074
32990018
33004847
33047045
33049573
33064732
33093476
33093668
33094247
33121108
33198318
41637823
41665784
41692583
43519323
44963090
45841769
47738717
49636340
50934197
51337496
52409238
54611854
62096395
64994205
65189921
70221470
70726393
70727834
74352172
80774755
83452135
90634181
90985383
92493168
92634036
92665055
92773505
92817706
92818995
92869832
92878130
92903852
92955751
92962465
92972852
93070347
93135445
93135455
93137658
93399719
94312779
94326357
94327622
94328156
94330061
94330320
94330324
94330510
94331454
94337894
94338798
94340014
94342812
94343531
94343637
94469527
94546890
94620812
94627501
94653231
94843718
94844601
95251046
95256871
95395443
95442755
95468509
95477628
96172776
96174665
96192078
96280149
96289267
96505999
96556927
96586422
96600068
96604960
96610422
96612695
96634447
96634751
96650959
96667352
96667473
96715190
96765829
96779914
96815466
96815884
96873837
96891670
97037069
97096164
97096169
97427404
97436039
97499579
97616605
97705398
98240509
98335634
98704721
99040196
99042712
99048597
99088943
99089094
99089192
99160920
99160932
99327428
99380936
99387058
99387418
99405007
99468870
99602133
100123228
100128033
100279641
100328005
100344883
100358337
100430103
100498845
100509551
100528816
100542845
100583207
100583212
100780415
100808377
101716942
102619135
102638357
102639214
102648477
102653295
102845508
102859345
102863493
102976195
103058323
103062298
103156955
103560867
103568249
103575020
103582133
103587633
103787398
104083307
104124213
104581914
104600862
104600948
104630634
104634791
104688713
104690242
104696828
105083725
105143693
105154670
105583470
105605538
105838561
105856215
105931386
105940958
105941064
105945587
106000529
106011610
106014871
106103298
106108898
106336373
106343006
106349503
106626067
106626743
106749949
106752367
106931267
107254954
107255041
107255092
107259804
107267494
107860946
107944078
107967004
108131423
108147713
108153221
108180438
108182641
108185854
108276003
108282108
108288860
108294953
108324620
108387199
108388546
108397799
108401370
108505960
108524622
108526092
108532058
108585460
108699181
108704958
108741654
108741746
108811981
109258370
109310995
109504175
109694600
109695089
109731621
109757538
109772275
109923838
110052709
110124153
110171383
110233967
110234516
110244128
110248932
110323559
110324865
110324868
110327396
110365426
110588296
110588429
110625181
110669977
110684897
110963388
111148427
111395971
111444040
111576090
111608340
111890861
112018244
112018863
112091710
112097365
112798576
112798686
112901764
114196685
114312322
115270162
117913012
274508039
274759681
-997902260
-997872888
31836822
32123820
32125439
32126038
32193990
32476290
32476480
32546883
32549198
32572963
32678202
32695908
32701591
32747750
32761184
32787506
32792333
32792350
32844724
32870920
32896526
32976116
32989878
33002362
33045640
33049376
33049493
33075720
33081938
33088788
33093234
33093840
33094228
33105317
33108605
33121210
33147130
33147564
33151965
33201218
33208113
33257565
33267713
41701036
43512381
45055356
62244117
63393434
63403044
64059540
64872779
68467013
69915741
70808764
75456906
79223611
79712477
79774451
80772193
80778530
85615328
86937579
90633323
92494818
92611469
92748467
92789948
92824506
92832897
92849620
92903854
92905984
92955736
92955758
93018768
93028253
93041931
93071714
93075866
93075874
93077811
93120085
93122589
93135444
93141749
93147423
93197567
93297842
93402388
93408477
93415783
93422893
93654170
93818879
93930425
94144221
94296641
94302612
94313223
94325601
94327393
94336803
94339046
94339671
94342777
94343149
94480862
94679132
94756189
94837878
94843625
94995940
95435351
95687267
95763319
96010154
96186157
96190681
96270225
96271205
96271493
96273694
96288724
96288736
96288746
96289024
96381701
96514322
96586904
96587083
96587125
96610433
96649828
96665218
96768306
96770286
96774019
96775801
96778608
96799748
96814156
96814458
96817487
96820007
96947249
97425459
97436070
97439767
97440432
97618973
97755525
97838191
98176818
98463923
98546107
98629312
98681960
99057034
99089162
99089338
99089617
99162450
99165720
99167806
99285851
99427719
100141819
100313848
100325038
100346794
100347156
100349147
100383319
100385825
100430057
100430129
100494189
100526496
100758712
100792269
101732050
102337604
102607606
102608079
102608124
102636988
102653911
102656725
102753755
102783470
102783604
102830972
102858570
102865587
102977630
103057889
103061717
103149422
103200727
103580246
103657947
103660319
103707222
103785831
103787491
103900779
104123870
104492060
104581893
104629410
104640039
104689980
104690277
104708112
104754302
104771330
104881963
105006700
105009574
105147652
105505443
105582757
105590448
105590455
105683890
105831222
105835412
105890142
105896781
106069776
106089196
106090267
106108901
106124324
106335247
106342996
106344571
106660661
106685016
106733256
106853720
106854404
106931350
107034620
107255079
107256819
107257873
107259614
107259894
107262574
107267497
107274330
107550147
108194541
108195391
108201276
108324296
108324706
108387130
108401889
108404482
108407049
108448007
108450437
108662822
108666394
108848759
109212019
109247675
109248048
109248228
109264654
109315563
109413585
109441082
109619247
109664749
109665332
109674271
109765032
109772289
110052581
110063444
110116208
110131418
110170360
110244345
110245685
110250406
110324822
110324861
110469106
110469128
110588853
110929414
110967528
111078633
111148433
111218594
111294719
111384225
111428312
111435315
111546293
111546296
111578115
111612169
111874424
112091185
112097038
112097593
112803855
113018545
113105030
113107600
113134222
114266012
114493638
115205256
115217288
346492540
-1002745285
31089923
31153841
31659075
31834226
31867388
31913808
31986762
32152007
32158430
32476328
32476449
32546788
32556580
32584856
32632298
32636341
32695887
32701762
32780068
32900632
32910088
32930458
32958587
32958601
32966276
32977274
32985651
32993720
33049372
33077132
33108662
33111618
33112017
33116203
33121223
33145708
33147157
33147356
33152099
33210472
41652996
41701018
41705924
43519327
44634455
62294070
63487818
64550506
65298593
70294631
70490329
70728271
73195317
75039207
75039582
76252695
83545094
90609514
90646116
90985359
92594513
92631887
92814474
92832170
92863201
92973254
93022986
93041524
93041579
93075876
93080677
93131617
93131906
93135449
93141382
93153365
93297822
93399736
93403373
93629215
93827060
93997814
94031724
94031736
94224491
94325606
94325675
94327525
94335844
94335970
94336788
94471587
94471765
94472016
94494297
94720634
94851265
95000407
95229816
95246767
95465870
95474226
95578922
95812368
96177552
96182880
96190789
96190924
96199421
96277913
96392858
96424609
96526174
96527344
96586549
96586712
96693503
96719355
96735477
96768709
96768713
96777861
96783399
96807855
96811722
96849291
96853690
96965652
97113375
97616589
98132997
98367357
98526061
98615542
99048495
99088074
99088249
99089334
99172467
99327335
99884860
100015611
100124204
100221585
100270917
100292030
100313838
100332806
100353361
100355283
100355653
100429633
100430212
100526505
100535771
100772034
100791836
100795810
101715798
101721532
102487913
102640883
102658302
102663152
103110976
103111319
103157406
103177053
103563612
103658937
103660622
104123707
104124049
104334955
104581886
104584691
104592254
104600201
104600342
104600652
104600793
104640770
104642895
104689654
104689808
104690235
104696394
104699175
104710273
104712269
104827686
105047193
105047300
105047689
105066693
105077361
105147254
105154684
105820778
105822179
105856168
105856212
105904480
105917343
105941439
105950380
105951494
105959956
106003919
106011423
106037326
106105716
106124289
106126796
106345461
106477538
106556281
106661976
106749950
107205829
107226163
107252555
107254808
107255028
107260855
107261296
107273028
107608761
108186141
108187341
108191613
108195627
108199470
108279350
108280180
108399165
108435905
108467222
108473441
108473507
108670008
108741352
108782232
108821952
109214520
109247759
109247913
109310996
109327918
109407597
109695123
109748253
109843483
109843575
110129175
110133005
110171218
110171276
110171444
110239865
110244146
110251470
110261087
110323545
110327203
110331202
110332543
110363659
110366616
110469620
110624794
110625184
110950903
111085237
111312775
111540130
111542165
111576072
111582340
111611212
112018486
112097623
112202875
112212468
112740215
112809218
112817267
113209884
113210392
113210412
115166374
115205560
115906490
225909904
345568054
-1002743198
-997902497
-997872365
-995901992
31655821
31973288
32554010
32614763
32621439
32695769
32721717
32730931
32789617
32792331
32870282
32975618
33049022
33078938
33083033
33094445
33111489
33116195
33116196
33116205
33116206
33155436
38922020
41656172
41687568
41697311
51345178
54624870
63617137
64591298
67100657
68745384
70808255
74357857
74527325
74532061
80770873
90634188
92629010
92645919
92747114
92748168
92832836
92832907
92872151
92892530
92939837
92940374
92960979
93041431
93071745
93071755
93074900
93076179
93085825
93111437
93135450
93137810
93147619
93148905
93180762
93298221
93385180
93399720
93404004
93499684
93763150
94295604
94312975
94314133
94323254
94325592
94325783
94328265
94333280
94338203
94339363
94339687
94340210
94343882
94345036
94560267
94560710
94620698
94635921
94650117
94657204
94657221
94679288
94723232
94844849
94848517
94899829
94988791
94995947
95037290
95251052
95251677
95251924
95262269
95462568
95810351
95812360
96179036
96278075
96334904
96335081
96466307
96527352
96600195
96601778
96601789
96603224
96646955
96653323
96655314
96705662
96786641
96811950
96813209
96827753
96891479
96961618
97023698
97304878
97789571
98165849
98166016
98184972
98255124
98449897
99089007
99159546
99164335
99552759
99902812
99962395
100029130
100046973
100090218
100125772
100139631
100279959
100294273
100328201
100344844
100344873
100346792
100346807
100361303
100383327
100385448
100385813
100400191
100410644
100412710
100429543
100429557
100429792
100439050
100451771
100459486
100466125
100466537
100510743
100540178
100585753
100790307
100801576
100802537
100811060
101859663
102638431
102641515
102655427
102846020
102865796
102980234
103155809
103300405
103324647
103327961
103576814
103706553
103706681
103906029
104116519
104422974
104600483
104634776
104689705
104690197
104709201
104749438
104884217
105006676
105056648
105120186
105155411
105498953
105499022
105583462
105601554
105892453
105899752
105902940
105941112
106005170
106007232
106018192
106108960
106337320
106349507
106554866
106557824
106755851
106858757
107255635
107261724
107262623
107273024
107275921
107549594
108178421
108182998
108186281
108192622
108194466
108286152
108324176
108389739
108404493
108503148
108512423
108592699
108695527
108703929
108704756
108741446
108750749
108819939
108841322
108920400
109247865
109327991
109403372
109746952
109770985
110061536
110063445
110171648
110234517
110244568
110247643
110248945
110324831
110327544
110336937
110339812
110357869
110364363
110370634
110469314
110542569
110548574
110588426
110713866
110767264
111043830
111303254
111363262
111545049
111585493
111608423
112018664
112093790
112557560
112809466
115204946
116190419
274518741
340077865
350952954
351032049
-997902297
-996318142
-988517281
31028390
31798145
31942969
31947268
32032680
32158051
32165740
32476331
32549567
32551241
32553611
32570355
32609327
32612129
32612180
32632100
32632472
32670970
32721834
32728924
32755138
32755438
32787507
32790144
32792332
32910077
32958588
32958598
32958602
32958603
32961192
32966291
32986054
32986162
33059247
33082139
33098599
33111624
33116189
33216099
33258072
41695252
41697506
47654825
48563468
64074249
66725930
66973652
68672923
70775529
73114224
74099312
80579482
80766850
83389481
90649646
92449828
92603980
92634763
92660334
92750668
92814488
92833507
92891387
92892416
92955233
92955755
92958012
92972507
93041371
93070133
93070498
93071521
93079857
93090617
93092456
93120075
93131968
93220707
93401829
93406989
93409793
93416679
93420361
93926591
94296773
94307014
94326358
94331561
94333350
94341733
94346528
94432522
94432532
94432945
94433379
94434409
94471261
94560717
94560965
94665569
94756405
94761649
95356354
95470402
95476561
96172827
96172842
96180322
96180477
96262537
96287561
96339772
96395174
96604673
96605022
96623538
96646414
96667222
96667464
96667742
96706116
96736131
96746857
96757556
96778694
96781116
96786596
96799740
96801768
96848968
97106405
97304963
97348145
97423395
97619208
97789566
97837717
98239544
98364944
99048498
99087425
99088572
99161881
99283258
99285862
99390261
99463863
99953405
100017471
100023034
100049392
100084620
100085516
100279909
100280261
100313435
100321342
100346804
100347094
100361430
100383305
100385331
100430119
100532071
100600593
100769721
100801870
100808394
100813089
102009138
102127655
102625822
102634881
102634930
102637349
102637364
102638878
102643936
102783648
102859802
102932387
103200107
103377360
103388332
103458657
103561040
103566858
103567209
103567326
103668155
103687725
104026960
104079671
104084681
104124141
104600339
104600526
104600952
104689650
104690221
104695041
104701054
104707805
104709069
104830624
105009566
105143583
105143766
105147522
105155866
105583466
105590372
105691974
105820725
105855593
105866044
105888499
106013584
106016067
106067637
106090047
106124327
106162776
106352436
106540444
106540451
106669184
106671342
106749944
106856330
106940414
107017530
107252548
107268176
107268464
107550153
108180737
108183325
108196697
108275468
108276011
108280132
108333892
108405703
108562582
108633031
108670377
108697616
108741228
108741432
108781583
108819944
108841232
109209357
109247444
109247807
109310656
109441905
109695133
109731550
109757589
109773466
109773951
109795064
110052148
110052501
110123023
110127078
110132096
110132110
110244357
110323359
110332546
110357867
110358369
110469096
110469566
110542007
110688610
110726652
110967112
111172471
111172474
111366549
111382319
111540223
111542100
111544728
112017306
112089260
112097288
112796026
113399790
114983031
115204943
115206458
115775646
334321956
-1000294998
30819472
31597619
31951004
31984857
32158183
32476724
32551224
32554008
32554022
32555592
32570352
32606825
32680463
32687756
32695498
32733816
32787526
32789710
32792344
32792348
32866954
32926600
32926612
32930464
32957038
32957840
32958586
32958596
32966242
32968429
32974274
33049023
33049487
33053510
33093236
33093748
33093764
33111613
33116193
33151897
33172116
33194615
33200868
41666317
41691733
45380912
45842057
53330424
62946913
64829970
65070901
71443144
75454469
77683636
81005205
82661858
86049894
90634077
90639196
90649089
92634155
92670896
92820653
92831966
92832515
92892451
92903143
92961254
92968918
93041996
93071160
93113560
93131611
93135413
93135443
93181895
93297832
93382960
93402226
93402753
93406662
93409808
93422999
93548177
93548278
93548464
93612638
93622832
93755946
94278520
94318472
94325785
94333435
94339807
94340125
94342622
94345686
94471361
94551651
94561265
94623573
94627553
94631507
94750388
94918422
94981078
95131888
95253351
95475579
95521114
95823347
95935949
96186088
96188757
96189613
96289173
96300003
96467919
96514324
96590248
96675884
96691433
96705787
96706023
96706347
96735377
96736045
96744959
96774753
96774768
96784369
96815347
96888024
96895422
96914884
97103843
97187719
97341899
97616604
98036660
98240434
98542389
99089086
99089276
99089508
99152278
99162109
99165733
99167983
99168226
99172445
99276491
99463982
99470575
99867798
99868651
99874406
99879924
99951954
100020055
100025965
100088007
100125776
100280337
100321274
100343911
100346757
100349405
100358688
100361664
100383308
100392616
100399828
100429461
100429943
100763400
100809687
102277164
102606817
102637436
102739302
102744634
102752453
102783281
102847849
102865570
102919051
102977644
102982163
103062126
103075373
103144362
103156025
103159730
103188481
103565720
103581730
103706922
104113494
104116515
104123627
104502613
104599660
104600269
104630504
104688723
104689900
104693391
104749779
104770810
105006694
105130879
105139663
105147238
105601904
105737188
105821844
105852364
105856200
105888511
105941547
105951841
105954374
106010929
106014877
106022078
106024318
106024389
106067245
106126869
106167933
106338812
106342561
106348466
106434956
106626130
106758426
106848311
107226059
107235775
107245197
107254593
107255527
107258908
107261410
107266531
107272292
107272468
107273176
107550148
107608426
107860957
107860960
108157910
108180340
108183139
108185252
108195512
108195995
108196549
108280504
108294368
108324513
108325595
108397856
108398197
108399127
108399304
108404428
108448017
108837343
109107725
109259082
109325410
109326678
109441454
109693547
109694787
109850671
110122448
110171420
110171622
110233688
110233955
110235800
110243184
110247988
110250478
110273484
110324858
110324869
110324872
110444033
110548202
110726700
110773867
110920247
111043842
111099416
111236548
111279275
111366299
111426156
112097520
113020723
113114652
115225424
274501861
274516658
338179872
352032700
