-997872327
-996396365
-995901998
30810874
31090382
31097139
31165717
31598011
31651978
31946845
31986800
32007450
32024754
32036218
32037351
32068335
32476324
32476610
32476662
32553617
32554947
32558536
32570340
32605281
32612140
32628855
32636343
32668709
32670405
32680456
32751563
32787540
32874764
32896639
32940074
32975625
32985991
32985992
32989964
33002061
33004847
33045760
33049356
33049573
33081702
33082743
33082845
33093476
33116191
33116192
33164395
33198318
41684895
41692662
41698349
41702086
41704740
43518376
43519323
46597720
46954898
47669109
49486985
51336993
51337496
54137106
61466760
63074592
63420705
63838492
64770230
64776355
64994205
65119235
67656678
68581958
70331075
70727834
77704023
77718343
79788099
80204913
80772183
81006055
81087548
82474332
90639351
92608626
92658788
92661198
92670757
92712886
92779969
92818899
92832435
92832866
92833081
92833356
92844228
92869832
92891537
92902921
92955747
92955751
92959134
92973377
93012012
93014996
93041837
93074384
93077260
93091017
93105654
93131613
93147613
93180830
93195028
93297824
93358414
93385927
93408601
93412428
93416600
93419302
93502042
93614452
93697027
93771212
94295102
94303782
94327622
94328156
94329104
94330510
94336086
94336928
94338798
94340118
94342812
94653231
94665467
94665521
94670515
94680220
94844260
94851466
94927714
94996246
95067161
95251046
95258636
95261065
95394866
95576675
95581440
95593898
95812182
95858529
96272152
96287272
96287602
96288740
96288932
96289267
96295327
96329036
96341068
96358679
96358800
96390936
96514334
96520305
96527463
96527570
96586952
96587080
96593232
96626846
96634751
96649820
96654859
96665207
96667352
96667472
96667473
96706120
96709061
96757564
96769966
96779914
96834436
96891462
97101073
97113346
97116015
97306800
97616605
97705398
98240509
98359943
98443064
99048476
99088108
99088404
99089384
99089496
99089509
99149688
99160932
99168240
99387058
99465554
99469050
99536213
99645493
99902810
99964616
99965584
100042839
100042929
100048998
100279641
100285590
100292012
100292015
100347373
100350786
100383313
100383324
100463087
100481913
100498845
100502094
100509551
100510785
100526502
100528650
100537078
100540302
100542845
100578867
100583198
100583212
100790992
100793762
100797973
100878163
101492916
101532200
102277007
102487868
102608125
102637057
102638583
102644969
102651889
102658226
102738220
102783184
102845508
102846018
102857517
102977387
102977398
102984967
102990611
102991558
102991711
103056215
103058323
103075083
103200186
103200528
103229229
103353764
103378853
103379438
103530350
103564684
103578731
103706612
103717944
103907017
104011579
104083307
104086700
104097129
104124296
104302795
104571929
104598826
104599384
104600705
104600862
104600869
104600948
104630653
104653989
104688913
104690205
104690242
104697594
104707810
104968738
104978694
105009570
105076056
105077267
105143693
105147484
105605538
105820281
105839863
105868799
105868921
105899445
105914842
105940876
105958420
105963305
106001094
106005174
106037466
106047799
106103298
106105785
106107035
106107985
106124338
106126707
106156780
106333396
106343006
106347499
106349503
106441757
106550484
106626065
106931346
106990646
107240087
107254954
107257697
107259804
107267494
107271028
107549610
107549806
107608216
107860946
107940338
108138081
108184814
108186719
108189855
108190239
108280459
108324707
108324827
108388546
108397108
108406924
108450537
108596365
108616200
108684613
108699181
108704958
108741746
108811981
108841606
108878553
108920062
109310995
109325422
109444588
109548807
109757397
109923838
110171779
110234502
110250365
110324865
110324868
110324874
110327396
110338673
110365426
110365929
110374789
110467557
110469028
110469166
110469438
110469558
110532660
110556573
110625181
110642287
110967108
111056391
111107876
111366587
111426111
111436001
111444040
111444098
111482426
111511312
111524372
111576091
111590506
112018244
112749171
112803452
113008300
113134295
113321685
114867497
114867501
115775949
116605000
274508039
285580064
285581156
350945469
351162003
31067343
31238396
31299027
31596365
31601746
31604008
31659075
31797800
31826545
31943878
32476328
32540718
32541183
32544545
32549822
32555511
32572492
32572561
32670453
32688055
32701762
32751118
32787531
32792638
32806888
32866998
32874268
32900069
32900408
32900632
32910088
32919712
32934113
32958571
32958601
32977274
32996180
33049620
33111618
33112017
33116203
33121223
33146955
33147382
33195951
39477671
40499703
41685088
41686494
41691740
41692769
41694418
41705924
43074377
43080956
43082454
43502447
43512816
43519327
43524053
45380788
45381017
45386667
46323432
47655662
47917463
49979029
50410506
53075644
53180606
62326073
62603989
63488263
63967385
64550506
65298593
66904542
67748371
71213528
75039582
76884324
76888157
78115983
79772463
79788083
79860889
80768026
80916797
81000449
81663975
90605248
90633474
90642197
90648492
92759276
92867294
92872346
92890974
92902916
92903842
92910572
92913697
92926573
92971127
92971129
93041619
93041924
93071588
93071787
93085566
93131617
93137951
93137965
93153365
93195332
93201431
93316480
93372204
93399736
93403373
93415277
93422367
93508670
93624545
93624609
93827060
94143103
94295495
94326894
94327401
94336094
94343655
94346537
94425563
94471345
94550539
94619661
94620332
94667389
94678922
94720634
94851265
94918787
94988798
94988999
95246762
95246781
95262319
95267561
95361705
95459485
95471634
95472597
95578922
95848791
95945146
96141649
96186849
96189825
96190924
96208721
96262556
96278530
96279094
96335089
96358665
96390948
96424609
96440765
96448758
96587173
96649834
96649839
96651553
96665169
96693503
96705911
96705912
96706302
96735477
96735511
96735611
96768713
96783399
96816307
96887641
96891675
97241902
97253340
97306883
97428919
97616590
97616596
97618641
98132997
98165613
98228748
98367357
98510010
98511282
98629247
99048495
99088628
99089071
99089334
99089413
99089590
99089679
99167792
99276554
99465572
99465916
99893846
99968739
99976959
100015611
100015757
100075790
100109654
100147485
100280212
100294287
100298737
100325410
100345017
100346808
100355283
100383312
100400312
100403211
100459393
100490102
100523630
100537077
100541595
100543138
100543200
100585713
100777870
100790540
100793821
100808529
101732064
101937261
102591690
102637423
102645039
102651699
102743018
102782549
102783033
102823786
102932377
102968516
102977451
102991572
103058206
103075087
103097839
103322729
103379289
103379517
103560944
103562833
103571491
103659506
103683946
103773442
103894167
103898988
103914461
104510056
104592254
104600201
104600735
104600956
104630429
104688884
104689984
104690235
104696394
104707812
104711670
104732896
104816741
105047300
105047392
105077361
105077518
105499903
105560418
105583016
105583384
105821175
105821766
105831234
105866170
105940627
105941340
105941346
105947926
105951494
106004501
106005163
106011423
106021598
106105112
106109042
106110056
106113595
106156587
106167583
106331507
106333403
106335584
106349655
106421706
106437275
106550050
106556281
106626585
106721645
107261296
107261542
107262620
107265264
107265377
107268346
107271021
107271339
107271851
107272483
107273028
107550140
107608761
108176065
108182262
108191613
108195039
108199470
108325454
108388447
108397301
108399165
108407039
108448019
108693072
108985380
109118909
109195827
109195841
109211203
109214520
109247759
109310996
109311004
109314323
109325429
109326957
109435407
109646105
109694686
109694730
109694966
109695123
109761157
109773340
109773578
109797947
109908094
110052191
110171444
110171941
110234823
110260618
110323545
110327316
110331202
110337037
110352705
110363659
110366616
110373052
110469653
110469682
110548395
110773984
111221484
111396951
111429051
111444082
111541759
111542165
111576510
111607906
111611212
111625308
112018326
112018486
112018574
112018915
112093707
112103881
112198146
112212468
112217603
112797263
112798810
112799935
112809218
112810102
112814460
112893332
113097959
113359416
113930293
115906490
336332849
351150843
352028251
352083606
-1005395722
-997902621
-997902365
-996618325
-996601496
-996264762
-995351340
31061577
31094226
31166054
31207205
31587333
31649256
31803968
31813143
31950991
32005291
32032679
32122006
32126479
32131732
32247804
32476731
32476833
32476906
32542234
32554011
32554964
32572524
32589579
32609134
32612143
32612178
32612393
32628772
32635908
32658422
32675744
32721918
32728472
32761328
32787482
32787550
32789977
32792349
32910197
32958554
32958591
32958594
33003629
33049383
33049583
33049589
33064725
33075117
33076891
33082138
33082141
33083026
33083051
33094711
33094726
33178378
37069961
41692653
43074088
43074091
44876041
44999887
46984040
47197949
47232431
47708990
47769002
47846905
51290632
52778600
53710513
61087148
63116079
64189614
64873535
65881159
69790249
70490167
70907335
72268917
74517257
79702120
80772196
90618305
90638523
90644962
90649964
92488801
92534055
92643425
92695612
92750203
92818533
92824433
92892418
92892850
92902987
92936628
92971126
92972546
93041521
93071084
93082174
93085282
93089622
93090291
93092798
93112004
93121662
93135467
93135688
93140848
93195037
93195038
93220790
93297852
93316492
93320455
93357453
93402139
93402372
93406992
93414354
93416289
93420213
93823041
93856894
93974415
94301683
94310793
94326352
94328390
94329674
94336796
94341857
94346617
94425073
94471922
94534456
94537311
94620877
94843494
95265254
95270138
95468144
95469523
95574830
95577082
95578995
95595001
95811005
95848777
95936017
95972019
96183012
96189848
96278417
96288162
96288632
96288856
96289143
96298102
96318899
96319057
96321889
96520237
96557299
96575169
96586493
96586505
96586563
96586748
96587120
96597252
96667459
96705727
96735459
96769964
96769967
96775866
96783403
96783404
96783414
96785676
96813212
96814157
96835448
96891400
96891586
96980525
97116000
97320828
97425688
97618660
98119496
98163875
98708868
98715017
99048484
99048496
99052472
99089156
99165381
99165739
99281241
99468452
99536172
99882777
99962367
100050963
100109763
100144991
100280726
100283916
100286868
100328111
100341328
100351301
100360923
100383326
100392553
100400214
100460007
100522141
100530125
100583500
100704412
100791313
100807223
100878225
101858572
102276583
102641442
102642199
102658344
102740657
102742843
102744837
102745026
102753237
102753596
102783454
102862310
102978436
103046326
103162520
103164793
103236610
103290351
103297065
103325280
103541681
103561484
103683934
104005294
104096783
104133128
104378337
104393183
104498538
104598818
104600395
104642713
104647031
104682032
104689657
104689709
104690015
104711637
104736306
104752298
104753952
104779025
104824775
104829590
104832008
105047144
105077401
105117684
105147086
105154689
105199033
105582474
105582846
105583687
105835275
105884438
105940475
105940796
105962559
106000709
106001191
106024390
106024682
106034960
106067174
106069523
106098693
106105799
106111644
106122766
106156600
106284567
106312244
106315991
106335526
106339136
106422858
106552154
106749931
106755916
106854349
106930792
106940332
107254738
107256695
107268092
107275831
107550208
108136123
108137089
108161869
108184376
108186262
108191015
108192935
108193105
108273350
108276006
108324144
108324486
108324558
108324744
108361121
108397103
108397104
108404349
108507940
108522449
108523396
108616192
108616206
108658597
108685478
108702307
108712316
108780538
109214534
109257720
109311003
109311014
109311016
109413478
109413561
109519064
109665175
109665426
109694546
109697545
109760876
110122527
110127501
110132802
110247989
110247991
110251539
110260817
110271975
110323297
110324862
110327130
110338318
110339486
110366604
110366618
110469108
110469169
110469229
110469744
110488096
110621528
110727052
110728622
110960611
111095337
111101459
111222659
111223843
111366244
111366586
111387124
111422844
111426114
111431195
111443806
111444052
111540281
111541714
111550291
111685716
112018394
112027743
112095981
112807657
112812153
112815297
113094108
113252745
113687975
113820576
113971507
114851715
114852134
115205867
115286722
115783637
116042849
274521462
274533280
293609154
346327729
-1005395712
-1000298035
31060617
31587674
31627327
31634943
31691744
31705437
31748254
31834214
31943548
31956931
32139924
32211083
32304813
32542048
32543684
32549166
32549887
32585282
32588255
32589543
32605288
32610155
32612161
32670563
32680113
32701660
32704458
32725809
32761348
32766667
32789614
32789707
32790118
32792343
32793314
32874520
32880505
32929974
32934098
32940050
32958597
32966407
32992329
33002358
33053423
33105008
33111535
33111608
33116140
33116207
33128286
33147630
33201099
41637824
41692650
43506103
43508873
43512831
43514461
46284945
46310343
50004427
50938395
53698356
53698426
54628901
63131884
63895388
65078525
65266799
65458671
65968187
67529849
68063074
72691577
74017433
76218091
76871673
78116378
79649386
80772190
90633441
90633539
90635665
90645926
90646126
90651353
90926266
92480152
92833511
92856766
92903843
92933114
92955719
92960693
92970151
92970170
93041750
93071416
93071631
93082172
93088119
93229621
93297830
93406550
93406807
93419093
93423142
93508531
93610935
93615526
93616049
93839874
94011010
94094958
94143676
94281293
94309080
94325747
94325893
94328261
94328385
94328406
94332002
94335842
94335967
94337766
94339682
94342680
94345700
94431094
94432449
94432461
94488296
94653376
94761645
94851448
95253336
95255626
95356342
95394902
95394976
95470329
95560576
95574476
95578659
95589090
95594380
95812617
96170300
96189855
96190776
96191916
96278542
96298113
96318754
96337508
96388445
96391329
96415555
96459973
96505915
96514333
96587235
96597467
96620263
96626860
96649487
96650933
96663032
96665215
96704154
96705657
96705670
96715185
96715189
96722534
96735659
96736020
96744977
96765248
96769948
96769959
96771023
96780544
96789167
96789168
96811723
96855045
96891598
96950788
97071916
97097752
97103998
97306873
97426071
97449820
97513275
97616588
97621890
98228699
98228703
98242182
98245766
98255434
99040796
99042666
99048783
99048969
99087959
99088065
99089024
99274494
99633877
99892873
99964331
99968770
99974547
100015865
100023488
100034915
100042178
100077721
100106561
100112458
100145284
100281036
100292010
100327337
100344852
100344877
100346058
100351133
100353423
100362315
100383261
100383293
100383316
100385255
100439063
100459697
100463090
100480022
100526509
100636885
100808695
100937427
101000963
101143538
102614300
102619726
102637056
102655344
102660461
102744189
102863271
102964982
102977258
103057867
103058406
103162517
103230159
103230229
103243373
103273995
103290344
103307650
103324392
103325161
103352338
103379468
103512783
103513744
103558470
103563613
103571159
103574883
103578944
103662467
103716072
103777533
103904521
104015625
104497529
104581915
104600421
104630164
104644134
104670828
104689658
104690232
104756410
104835972
104918483
105008912
105009559
105047570
105077469
105150845
105154675
105527022
105584127
105819903
105821710
105821891
105822136
105844888
105866536
105940874
106011789
106021847
106037454
106078196
106090076
106090219
106331433
106339053
106422846
106437344
106542079
106732108
106748863
106855338
106931156
106940960
107252536
107257450
107273041
107273334
107549644
107860943
108178407
108178549
108178593
108182289
108183978
108186250
108266360
108278289
108280505
108324265
108357506
108388457
108397106
108404535
108473265
108506073
108507370
108508843
108523127
108625531
108655322
108685822
108841229
108920037
109261187
109314309
109325717
109504170
109539732
110052670
110119171
110127043
110132885
110245317
110250078
110277432
110324823
110324854
110324867
110327172
110327410
110331122
110353102
110355079
110366669
110373064
110548388
110588860
110597757
110628761
110641988
110649293
110684416
110766476
110781328
110919233
111056526
111339250
111422874
111428297
111436117
111445471
111564781
111578695
112027766
112097033
112210770
112557253
112783643
112796167
112809535
112814302
113018939
113101341
113105041
113135989
114851798
115204883
115205006
274539225
285581149
-1002330650
-998040229
-996601299
31067336
31240883
31597081
31716369
31841561
31990537
32005007
32032810
32125974
32158089
32158223
32165761
32165777
32476832
32544118
32544613
32545571
32549171
32554015
32554021
32554027
32554952
32554983
32587990
32632530
32636440
32673880
32734257
32779857
32787512
32787514
32867014
32870268
32870861
32900199
32909763
32939981
32958584
32966290
33002049
33085544
33111742
33121088
33121099
33124311
39267872
41684653
41684963
41703033
41703037
45476557
45793093
45806201
46304538
46712633
47888166
51336979
51496276
53184159
63085132
63376784
64220770
64769702
65292128
66311264
67074704
69916416
72491827
72690857
76634656
76880318
77025150
80683050
80776983
81880897
90632672
90636121
91237582
92478736
92608006
92629350
92634997
92643956
92718738
92748112
92833197
92845920
92890943
92892664
92893006
92901933
92910569
92913776
92952588
92958988
93071415
93075861
93075883
93097357
93120072
93120086
93120089
93121123
93135420
93137486
93150213
93150217
93153361
93189645
93195036
93402092
93405737
93410028
93415525
93421916
93547740
93927924
94277618
94295140
94297520
94315869
94323209
94325367
94325660
94326343
94327627
94329504
94329507
94330690
94333329
94336447
94343744
94344896
94346524
94348442
94417646
94482304
94546808
94550466
94561264
94653314
94657306
94843698
94844791
94994661
95221041
95359504
95468228
95469871
95471864
95823328
95823352
95945063
95950364
96174485
96183965
96192479
96192494
96193705
96273706
96287148
96288838
96325977
96325981
96329505
96339637
96348306
96348598
96358749
96391314
96586597
96586656
96597894
96635031
96665211
96693295
96706098
96706247
96712784
96715182
96718251
96725308
96735461
96736038
96744966
96744978
96782548
96920943
97103913
97425582
97616542
97616556
97618727
97755401
98166006
98242216
98245697
98246731
98291878
98359653
98615580
99048490
99087958
99087983
99088409
99089100
99089280
99089317
99089386
99380935
99462788
99469071
99517431
99639633
99964312
100046959
100139230
100279996
100280802
100292011
100345319
100346743
100346787
100346789
100346797
100348292
100383612
100383674
100429546
100430084
100439043
100540169
100542814
100542850
100583193
100585546
100600581
100702357
100704400
100790091
100790999
100801560
100880740
101922846
101936261
102053737
102592982
102634943
102637133
102638033
102638885
102642978
102644126
102655423
102744836
102783050
102794423
102831341
102846135
102862844
102932528
102964961
103084571
103162530
103162923
103378846
103379486
103558467
103563799
103567212
103578359
103659589
103668346
103668358
103785588
103907021
103966231
104080000
104133145
104258417
104505386
104600286
104634788
104667037
104689646
104689656
104708878
105006689
105006697
105007857
105008833
105009845
105047734
105127868
105133022
105154977
105524438
105583445
105583636
105650889
105762128
105822300
105822387
105844820
105856202
105886225
105902587
105902962
105922529
105924437
105925978
105939995
105941122
105941247
105941457
106007767
106015351
106024377
106088868
106089751
106098617
106105220
106108949
106110362
106130587
106252680
106272279
106331551
106332966
106437287
106438222
106626056
106676998
106748167
106750237
106852520
106854418
107228024
107254907
107255013
107257574
107259120
107259618
107263198
107266334
107274180
107608913
108151191
108166948
108178259
108180445
108182568
108188782
108190048
108190052
108190686
108193015
108196859
108199352
108269682
108276217
108294946
108324152
108324588
108324774
108397084
108397092
108398146
108505679
108507705
108510119
108518384
108519862
108529922
108633198
108652377
108652718
108688021
108704136
108841241
108848768
108920098
109247923
109248227
109413644
109435395
109443083
109545789
109704066
109731467
109734931
109757585
109761366
109824614
109917963
110234038
110249238
110250388
110260625
110319549
110324807
110324852
110352730
110543109
110628630
110629196
110767609
110956704
111102299
111135475
111221472
111366544
111367239
111384092
111426175
111429039
111511813
111550277
111576074
111851470
111970096
112018821
112091192
112093780
112095031
112101739
112396986
112491727
112779354
112809767
112813344
112813569
113012092
113015058
113024533
113149544
114798646
114823598
346492541
-997902275
-995535647
31061036
31067767
31096119
31098395
31175948
31664241
31716476
31973300
32193988
32476737
32541704
32549863
32551666
32644879
32658074
32679999
32787541
32793294
32793299
32795800
32826636
32870841
32880492
32896398
32915501
32958567
32958606
32966225
32989968
32996175
32999605
33075613
33089510
33109170
33111614
33126273
33147046
33164882
33168726
33200990
33208207
41668241
41671324
41686925
41697174
41699313
41702224
41703185
43503749
43508625
45393691
46984733
46994011
47233864
47818064
51796555
53708958
53986046
63535447
63591526
64062854
65915800
70000311
72428825
72606602
75458077
75592478
79828927
81006354
81880959
83549193
90611981
90637073
90649057
92533163
92678028
92750713
92833268
92833427
92891423
92903859
92940667
92955707
92955739
92962942
92967173
92975929
93024505
93071155
93074629
93079940
93081733
93086786
93107695
93135451
93135457
93200819
93229670
93388868
93399733
93401840
93409759
93412446
93413275
93420209
93428654
93839869
94105447
94277573
94282304
94323245
94323260
94325612
94325734
94325778
94326344
94328389
94328589
94335843
94340200
94426624
94470896
94471543
94471929
94480813
94535130
94542134
94549096
94650762
94843272
94843702
94888931
95021037
95232565
95252886
95395286
95457908
95468232
95469094
95519030
95581444
95670269
95812452
96190350
96267576
96276298
96278511
96279026
96280163
96288670
96319054
96321828
96358811
96448441
96467336
96514321
96527158
96574862
96587245
96600082
96600202
96604675
96623427
96662027
96664235
96705713
96706182
96715168
96735703
96735859
96744967
96768468
96769958
96779366
96779661
96785681
96813190
96813204
96835795
96846218
96854699
96855257
96891483
96914199
97096358
97097751
97109609
97110373
97323484
98240454
98243465
98328498
98503845
99088545
99089032
99089134
99089152
99089396
99089513
99272634
99281159
99283298
99289344
99387414
99463119
99466663
99467077
99468719
99470941
99900508
99966207
99968782
99996174
100020047
100141750
100280506
100280832
100300133
100340994
100383306
100383322
100403215
100429673
100472778
100495853
100598467
100637058
100797679
100807220
101085617
102044513
102623500
102623628
102624912
102645238
102650487
102650741
102749873
102753235
102822864
102846042
102846366
102969508
102977270
102992110
103062152
103157727
103183669
103274000
103377329
103379441
103576940
103577890
103659588
103673497
103687719
103772132
103785528
104097233
104110702
104123623
104510466
104581902
104589957
104591879
104593804
104599313
104600931
104630510
104634755
104634769
104689574
104711619
104726238
104824238
104875140
105020750
105077405
105077608
105155976
105156415
105207250
105582847
105583304
105820197
105821866
105821958
105828984
105831221
105838228
105882133
105886399
105886413
105925017
105939970
105980191
106000579
106001129
106034964
106049319
106089818
106090412
106105382
106107619
106108388
106108903
106124341
106126861
106165353
106283377
106351225
106358679
106553494
106626501
106748522
106884057
107226172
107241421
107252546
107255639
107262660
107265372
107271011
107271024
107549836
107608182
107801396
107819148
108157898
108198252
108285843
108324242
108324278
108324737
108372115
108388660
108397086
108401472
108404028
108473692
108507709
108517189
108625004
108780542
108833893
108985368
109198679
109211215
109247738
109248193
109248258
109323217
109413654
109448229
109619263
109619628
109695012
110248931
110260995
110324851
110324857
110324863
110338611
110366687
110469670
110469689
110588614
110588696
110628616
110720924
110951539
110951967
111172470
111223932
111381959
111423008
111423095
111429017
111433589
111443688
111492917
111512467
111541836
111557206
112018238
112018400
112018597
112018828
112092257
112095319
112204384
112748941
112749183
112779500
112797821
112807212
112816951
113090083
113290287
113682690
113688006
115166380
115712244
274548750
338179880
-1002421277
-997902435
-996644740
-996383266
-996324218
31097450
31268289
31645363
31675370
32032932
32090415
32165776
32476720
32542262
32570344
32572417
32572762
32598833
32612162
32635941
32636358
32678206
32721717
32787537
32788972
32789059
32790206
32792331
32792335
32870282
32880561
32896891
32937459
32958572
32966254
32966255
32999524
32999632
33049077
33078861
33078939
33083294
33088859
33111489
33111928
33112813
33116195
33116205
33116206
33121334
33194713
33267791
41686704
41689364
41689813
41691736
41704191
41708075
43501200
44756885
46746524
46776152
53707889
53983851
64550517
64835937
66115199
66735818
68063922
68469996
69478172
69599084
69915731
70728375
70808259
73183313
74005188
74117231
74127507
74532061
77673183
80770873
80772146
80772151
80812548
80812559
90633317
90641758
90648722
90651368
90855007
90926366
91528163
92535080
92629540
92643718
92677405
92689880
92721471
92747114
92754428
92816935
92832947
92833297
92833414
92914525
92939837
92955743
93041583
93071162
93071410
93071745
93071755
93078070
93082089
93105622
93105669
93120079
93120081
93141711
93180762
93220551
93298221
93371508
93374411
93401893
93405999
93414350
93416689
93420688
93547947
93616297
93616669
93622892
93741946
93820622
93820641
93924614
94105244
94295855
94311939
94314133
94326233
94332105
94333280
94333904
94335838
94336281
94338203
94339115
94339363
94339687
94340122
94342783
94343189
94343882
94344880
94344967
94346404
94346627
94346850
94423605
94429043
94482300
94560960
94746189
94782074
94842712
94988791
95021542
95028975
95395405
95470412
95471642
95471648
95596923
95991318
96193566
96199762
96276408
96278075
96288922
96289188
96318964
96340015
96391322
96418919
96597895
96640224
96653323
96705720
96706037
96735828
96769956
96774024
96780628
96813209
96815342
96853658
96998753
97023698
97096223
97109361
97616557
97616559
97755945
98242212
98331341
98333504
98364861
98449897
98715121
99042729
99047532
99048479
99088036
99089000
99089007
99089068
99089286
99089489
99159546
99165730
99169876
99470593
99552759
99883929
99952932
100023036
100046969
100075804
100123119
100294098
100297370
100315088
100327662
100344868
100344873
100344884
100344887
100346807
100350639
100352773
100356572
100363484
100383327
100385813
100400191
100429527
100429532
100429543
100429912
100465576
100505996
100526494
100529879
100529917
100540168
100585753
100701125
100766000
100790253
100790307
100792803
100804857
100807647
100810535
101084945
102637295
102640367
102645593
102647659
102653299
102655427
102728363
102728380
102739406
102744744
102753569
102753631
102792532
102845591
102846020
102865796
102932603
102974313
103068088
103161863
103162536
103274010
103299526
103568676
103657932
103663021
103786861
103888073
103888379
103906029
104115407
104247731
104520411
104596439
104599650
104600611
104634776
104643146
104688965
104690108
104690329
104809657
104909061
104928498
105077308
105121394
105143771
105143776
105147498
105523800
105530988
105576022
105582421
105582834
105582983
105583780
105584058
105590445
105791841
105822042
105822352
105866040
105902682
105941006
106000815
106000850
106007232
106018631
106034967
106105111
106303424
106323793
106333174
106339102
106345580
106349507
106436748
106436864
106437334
106626705
106878088
107225149
107233425
107254965
107255635
107268162
107271015
107272117
107273024
107275921
107275949
107549048
108130621
108186281
108189614
108190708
108194542
108365100
108367528
108389739
108392389
108392641
108397453
108400529
108506046
108506058
108510107
108616145
108616211
108698360
108703929
108704219
108704756
108714853
108741232
108741362
108741697
108741905
108750751
108771398
108771488
108805523
108811815
108819939
108873741
108878564
108897645
108920214
108990523
109214532
109250890
109254811
109400042
109401347
109403372
109546103
109546150
109556751
109621829
109665333
109760864
109764752
109917169
110171186
110234484
110234517
110234527
110246738
110248938
110261207
110324821
110324864
110339812
110353088
110354745
110355365
110365438
110376974
110469162
110469624
110480512
110588426
110588947
110597792
110628699
110767264
110781747
110946638
110948696
110958493
110959651
111218583
111287005
111425699
111429054
111431922
111511879
111512039
111512123
111585493
111593029
111605882
111972717
111974267
111978125
112081566
112081579
112089254
112091754
112217414
112218172
112798042
112807457
112809466
112941763
113008383
113018535
114851727
115079984
115104599
115168792
115205797
115417207
116190419
338037035
346491575
-997902454
-996318099
31060631
31135891
31624306
31891117
31913423
32128497
32165586
32168223
32476331
32476492
32476861
32549567
32551241
32553611
32554916
32569077
32570358
32598940
32606587
32612129
32612132
32612136
32642109
32650070
32670970
32695444
32707247
32755138
32787507
32787513
32789045
32789638
32789700
32790144
32793309
32806805
32866827
32874423
32880319
32898348
32904093
32910321
32958588
32958603
32960762
32966291
32966462
32986162
33005278
33047038
33049217
33053417
33059247
33075209
33081744
33094221
33098409
33098599
33116156
33116189
33116557
33149845
33172566
33198100
33258072
35574123
38935395
39093614
41665355
41684909
41685644
41696102
41698473
41703050
43663824
45868004
46302352
46746410
46984534
47233779
49491027
63354598
63628637
64468042
64550502
64590333
64741904
64757409
66735812
70955660
74517263
75592491
78246808
79950892
81005863
81082186
82410846
83389291
90601771
90649105
92486308
92645877
92718369
92748166
92750668
92832050
92892600
92893036
92893089
92955705
92955755
92956861
92957887
92958012
92971419
92976224
93041775
93041889
93071250
93071521
93077182
93145666
93195025
93373120
93404740
93406989
93420361
93423134
93492432
93624899
94103178
94105312
94325368
94327623
94331561
94332235
94336789
94341733
94341736
94342803
94346655
94423158
94423202
94431065
94432067
94434409
94488193
94546301
94560717
94560761
94560965
94630981
94750427
94761649
94848485
95236823
95261414
95458199
95580348
95597279
95812517
95849056
95936487
96149807
96172517
96180322
96190679
96268059
96289137
96289228
96325984
96339772
96389389
96459976
96586836
96593242
96607564
96619422
96623538
96706254
96736131
96779909
96789169
96799738
96801768
96834566
96854220
97443758
97618991
98367361
99042724
99047515
99048494
99048498
99048941
99088572
99088951
99088966
99089307
99089527
99089689
99271166
99281231
99468441
99515522
99912850
99953211
99961936
99966817
100015673
100023034
100034896
100049392
100060431
100077711
100090507
100280912
100281016
100292028
100309756
100347094
100348182
100355790
100358338
100383305
100385331
100392540
100399797
100459583
100499604
100509538
100526513
100578644
100583205
100708625
100713019
100789946
100794834
100811310
102277203
102455451
102606253
102625822
102637349
102639090
102647533
102647775
102651362
102744138
102792502
102819995
102832163
102845686
102859802
102990653
102991563
103229977
103290348
103377337
103379446
103513000
103578388
103578940
103586754
103652779
103900924
104026960
104084733
104141825
104149570
104500588
104520380
104591878
104599756
104630318
104666997
104690221
104693060
104699156
104707813
104830624
104881872
104961385
105130036
105143773
105146621
105147072
105147522
105226263
105583501
105584028
105821141
105821311
105836136
105855593
105884821
105899453
106005155
106011793
106011797
106017183
106018614
106049376
106067259
106089923
106090134
106105313
106105798
106107952
106329030
106331217
106346063
106433028
106542010
106556151
106556273
106671342
106940414
107003683
107017530
107224202
107252548
107252554
107255187
107265596
107266702
107269494
107400717
107550026
107550171
108181078
108190038
108196697
108278358
108324156
108333892
108397099
108401038
108450494
108473785
108506192
108519729
108529814
108633029
108686565
108704148
108841232
109248003
109310656
109311975
109545839
109693176
109694913
109695133
109727270
109765289
110144551
110234524
110251543
110323359
110324833
110337101
110342614
110354979
110354997
110366904
110368402
110442607
110468121
110588668
110619502
110688610
110726652
110776520
110967112
111079595
111131715
111221449
111376956
111500460
111544728
111557072
112018260
112018756
112816824
112944843
113091297
113105023
113149730
114851728
114983031
115787760
115789117
115997363
119283398
337256362
344644531
-1002977301
-996304642
-995981756
-995056058
30813755
31089949
31145815
31285218
31836806
31883924
32128826
32158378
32476348
32476821
32553152
32554018
32554979
32555654
32582495
32605042
32612297
32612387
32660251
32669557
32688340
32779859
32787496
32787533
32790134
32885713
32958566
32958599
32966274
32968359
32970120
32996169
32999585
33002357
33049460
33049670
33086501
33111495
33111612
33112108
33116141
33116188
33116190
33116199
33116210
33146959
33202162
33202406
41672290
41685536
41701863
43082112
43992573
44574846
45117514
45366362
45806208
46746361
46746830
46759385
46787347
47521241
47579469
47878582
48160995
49387481
50902550
52334589
61078904
61094980
63521326
64769712
65803670
66041226
69476336
69487642
70074633
70728381
74347921
75573884
76098217
77378674
77985636
78060752
81664341
83541436
90636516
90925287
91850407
92535172
92612966
92734940
92891672
92911509
92955741
93029214
93029406
93041293
93069620
93071721
93071835
93079939
93090583
93120374
93138870
93200831
93356802
93359869
93382640
93820636
93826505
93852718
94143997
94298376
94327630
94329258
94331999
94336792
94337237
94341734
94345576
94423187
94425269
94534681
94619358
94620294
94630871
94842617
94843609
94848139
95219376
95232601
95263194
95269976
95435618
95471636
95772662
96151405
96172820
96182157
96190772
96265231
96279109
96287179
96288844
96288984
96337514
96440945
96514337
96536422
96574882
96587177
96667704
96726929
96765368
96772365
96783416
96783421
96783768
96789183
96799966
96805692
96816293
96832081
96891546
97096310
97105104
97308474
97323493
97338520
97442270
97447684
97616586
97616598
98165511
98243177
98244577
98357525
98367279
99042665
99042714
99044915
99047528
99087547
99088934
99089410
99089466
99149399
99151424
99285843
99286925
99465558
99468058
99952889
99953131
99964328
100015624
100030635
100042902
100049375
100060426
100090207
100090208
100096186
100141591
100255462
100298759
100343629
100346805
100346806
100429965
100462793
100500126
100508235
100510283
100523586
100525654
100758681
100790921
100803693
100803994
100808302
101858546
102606567
102620769
102634933
102641163
102643064
102643688
102736813
102783070
102856178
102991621
102992006
102992087
102992124
103062114
103068161
103075066
103200095
103200102
103200775
103355799
103379282
103379366
103379412
103512796
103562727
103580647
103581625
103652011
103663009
103670908
103779848
103782018
103888080
103898753
103899085
103900785
103958442
104100898
104107344
104511159
104564717
104591676
104598917
104600363
104600435
104600738
104630323
104667044
104679214
104690290
104693401
104705539
104952950
105047744
105077023
105128122
105146619
105526712
105537377
105583776
105583838
105583900
105583975
105802886
105822224
105822293
105827970
105869654
105899459
106005175
106018761
106049373
106050664
106098696
106102416
106105113
106108962
106109529
106160378
106287066
106318996
106331454
106344888
106348914
106428287
106437273
106749930
106749938
106855039
106940343
106940956
106979771
107030894
107254722
107273566
107275911
107275957
107549893
108178429
108181205
108181218
108183020
108188909
108192501
108194548
108196553
108196562
108324401
108401562
108405502
108473290
108473561
108523592
108529854
108530056
108741150
108745930
108793992
108878546
108897576
109246746
109248101
109248317
109311978
109325411
109328993
109413571
109441850
109642094
109695213
109711310
109735336
109773348
110052466
110125548
110132879
110170490
110234529
110234535
110235494
110261025
110261152
110324806
110324820
110324838
110327327
110327427
110331730
110361372
110469448
110548156
110588518
110621003
110621280
110628670
110634661
110767442
110932316
110968830
111065781
111116107
111153297
111363084
111366309
111366585
111384458
111433759
111510830
111542141
111561809
111576075
111963518
111978615
112018642
112197852
112216829
112398282
112814154
113005082
113090856
113098024
113141786
115215379
115674131
115783348
115789096
274505937
274539125
285579754
340068348
348174771
351031897
352032698
356650294
-1005395724
-1002981571
-997902779
-996610708
-995354444
31060916
31153296
31651730
31683031
31748279
31808037
31943476
31956451
32072539
32123705
32165729
32165767
32314479
32476445
32476596
32476820
32476910
32540135
32554014
32555116
32559042
32569073
32572549
32589561
32598640
32598767
32612389
32628682
32632007
32662848
32691654
32696018
32747912
32761397
32779860
32787545
32910243
32915992
32958592
32958605
32986131
32996158
32999615
33002067
33049490
33086405
33088482
33093467
33111617
33112007
33147247
33194389
41682544
41698989
42112540
43074072
43082117
43501388
43506100
43514391
44035543
44701310
44972249
46308910
46313948
46746150
46746220
47788273
49079906
51337063
52257555
61084791
63361104
64188911
64769902
67077956
67912137
68063918
68063933
68582458
76031293
76517104
76990023
76999806
78670078
80081703
80236224
81004868
90617937
90631576
90644116
90648685
90648699
90926210
92634532
92637038
92765693
92812100
92832914
92833082
92842360
92867324
92869801
92892465
92892572
92892999
92905611
92905992
92911747
92962491
92971115
92971131
92971134
93021084
93070626
93071402
93075865
93076175
93077904
93090288
93092541
93131603
93150201
93195026
93207287
93423096
93548367
93612212
93696366
93697356
93820637
94005340
94296691
94323246
94327196
94328403
94329614
94338116
94338200
94339304
94342576
94343314
94343734
94344048
94560720
94620757
94642946
94744165
94744464
94851343
94918630
94988753
94994145
94994645
95021035
95249255
95267255
95272293
95404364
95594997
95703739
95812611
96128335
96172789
96199280
96265045
96272153
96276005
96278371
96288512
96289056
96289180
96303127
96339961
96497645
96587065
96587176
96597944
96604667
96626858
96654724
96665208
96665213
96706130
96765268
96769957
96780556
96846462
96854079
96961403
97081356
97196981
97205825
97338070
97341903
97341915
97426037
97616574
98165472
98174907
98228700
98333505
99047522
99048488
99087395
99087972
99089191
99089272
99089582
99168753
99175977
99285855
99386858
99463036
99506450
99887789
99893705
99952404
99964326
99965081
100015687
100094058
100142229
100281167
100281329
100284322
100291284
100344879
100346762
100346763
100346795
100346798
100346908
100354169
100361447
100363662
100383248
100400180
100459848
100493828
100510777
100530249
100542839
100589618
100704793
100704834
100797927
100806504
100880742
101859429
102131530
102590378
102592652
102619139
102641769
102644721
102654677
102657265
102658316
102738735
102738910
102753229
102783035
102863956
102932201
102968981
102991587
103200778
103297059
103379096
103512795
103562611
103562832
103576939
103577831
103655628
103694931
103696216
103706983
103769339
104069929
104263028
104591744
104600403
104600487
104630753
104666645
104666955
104690274
104701099
104824300
104905479
105086458
105146607
105147351
105226443
105235406
105530976
105583382
105583442
105583965
105664230
105762748
105821700
105821732
105827956
105833107
105854968
105856569
105868803
105887312
105939445
105941179
106030606
106030792
106034968
106078210
106090171
106105121
106109598
106284493
106304149
106345176
106424345
106436756
106438786
106626059
106626071
106626315
106669792
106748439
106748695
106854400
106854408
106855870
106940367
107255094
107262658
107265262
107269415
107274168
107549577
107549588
107549651
107550133
107644980
108185847
108189611
108195803
108196545
108196855
108197851
108199339
108199428
108285760
108285963
108295036
108324823
108387496
108397089
108448018
108450609
108640239
108699404
108878556
108929458
109132339
109254792
109426847
109426974
109432311
109435468
109447819
109545648
109625053
109765089
109792739
109803310
110178783
110251723
110324802
110324850
110324859
110337010
110364403
110374784
110467564
110469194
110621214
110621352
110727048
110844133
110936601
110948711
110962176
111014870
111078617
111559735
111612377
111884132
111978111
112018818
112081558
112081577
112104469
112217293
112646644
112803700
112813226
112900335
113090714
113210144
114259358
115166386
115186704
115215381
115775647
115906552
116042614
350185648
350185654
350963408
-997902173
-997902108
-996635134
31060616
31089950
31605205
32036533
32048755
32193990
32199494
32476824
32549198
32549202
32549218
32551892
32589572
32598689
32598864
32635787
32678202
32695908
32701591
32747750
32761284
32779838
32844429
32870920
32881176
32896309
32896526
32900157
32903941
32904252
32929864
32976116
32989878
33049197
33049493
33075720
33077017
33077111
33088788
33108605
33111737
33116202
33121095
33126260
33147130
33147378
33147498
33151965
33164866
33168720
33201218
33257565
33267713
35223914
39023934
41684731
41686157
41690592
41701036
41701879
41705966
43074078
43501485
44642116
45127107
45263338
45793317
46388781
46755678
46968030
47244311
47655633
49619443
50014874
52767333
53692270
61284842
62552952
62962902
64550516
64769719
66735829
69602462
70608748
73569763
74115021
74159834
74219462
74989218
77684193
77709972
79850607
80778530
81006325
85316472
90643809
90645602
90648809
90651492
90926228
91500510
91559947
92479303
92595096
92611469
92629543
92658787
92661264
92676538
92806800
92892406
92906313
92906536
92955736
92955740
92955757
92955758
92975905
92975935
93012170
93014492
93070790
93071294
93075872
93075874
93080671
93108172
93141299
93141749
93195030
93197567
93298159
93357044
93361297
93410383
93412760
93422893
93508190
93965514
94144005
94144221
94299755
94312982
94313223
94326345
94336799
94337233
94337241
94339046
94343750
94348772
94425107
94431984
94560868
94621039
94631196
94661478
94665590
94671487
94679257
94733590
94742904
94843306
94843625
94844295
94844307
94984528
95249113
95251144
95261529
95459500
95471586
95772579
96148892
96272836
96281909
96288746
96289016
96289024
96339779
96370793
96381720
96391680
96518477
96526906
96586718
96587083
96651328
96651972
96652959
96704116
96705664
96768306
96773941
96774019
96778598
96817487
96847458
96854992
96895114
96947249
97097964
97114297
97187715
97425453
97440432
97616601
97618973
97755525
98114738
98165465
98255379
98433968
99048480
99089210
99149383
99151756
99165720
99165737
99286763
99288878
99302229
99381001
99468433
99515536
99542582
99893764
99902807
99952905
99964321
99964324
99983257
99994579
100005361
100019684
100020049
100022952
100023430
100219984
100255492
100279155
100280137
100343633
100352988
100361436
100383319
100429906
100430057
100496380
100499600
100526496
100526515
100537079
100585236
100585701
100713013
100804657
101084863
102044499
102286093
102581300
102610065
102634946
102645037
102645048
102654862
102655419
102752301
102830980
102962936
102990571
102992034
103149422
103164673
103274011
103297057
103379252
103390256
103558460
103560995
103567647
103572067
103576927
103576937
103657946
103889417
103900779
104087151
104258423
104334920
104495527
104496934
104586111
104600955
104630226
104688223
104689708
104690325
104809070
104813619
104823672
104830636
104992985
105006700
105121395
105144468
105171027
105583590
105583765
105590448
105590636
105683890
105819900
105821914
105822269
105914821
105939913
105941008
106006350
106069776
106122780
106162768
106332967
106333394
106342996
106344571
106344825
106351210
106432990
106438920
106552581
106629476
106660661
106940952
107000255
107255072
107255079
107262574
107267302
107273067
107276144
107550147
108179158
108189725
108195813
108201276
108273469
108278261
108303855
108324796
108364912
108450437
108523313
108616212
108625341
108653017
108662822
108697030
108704708
108866981
108920030
108920316
108929497
109193122
109248351
109322810
109441082
109556719
109613435
109664749
109665332
109694992
109695130
109731454
109743986
109765032
109803775
110052164
110052584
110052597
110244145
110248944
110323557
110324840
110324856
110324861
110324871
110331239
110469106
110469128
110469324
110469655
110469775
110605897
110628689
110629066
110684385
110778418
111078633
111362878
111366589
111381953
111381961
111422777
111422822
111428312
111439720
111546293
111546299
111578115
111612169
111877208
112097038
112097593
112197857
112204315
112389826
112776477
112796033
113020607
113092155
113105030
113134222
114823309
115151102
115205180
115215397
306634400
337092519
346491578
349962087
-1004833031
-997902645
-997902338
30859113
31061939
31095187
31195845
31588671
31602199
31623302
31651976
31653291
31658866
31678985
31735142
31873112
31897558
32158183
32475307
32476303
32476414
32549206
32549646
32572541
32608891
32612108
32631956
32666168
32670831
32678076
32687756
32692136
32733816
32755469
32787526
32789710
32792344
32792348
32793300
32866954
32870286
32874522
32926600
32926612
32930464
32958555
32958586
32958596
32958608
32966476
32968429
32974274
32985712
33049087
33049577
33093236
33094370
33116209
33147684
33194615
33198497
33200868
33200992
39004303
41655952
41656348
41665368
41666317
41684621
41701024
42296091
42626706
43074056
43512640
43542647
44647882
46954700
46985038
46985123
49381560
50321667
52773557
53676942
55549989
61078612
61079137
63405610
64188923
64314373
65070901
65078583
66736026
71933686
74637316
76022483
76267524
77719240
78055662
79850619
80812511
82051514
85616120
90634077
91562717
92463751
92486238
92631056
92631504
92660102
92672260
92772621
92833424
92839629
92891413
92892548
92912953
92939500
92955716
92968918
93041703
93042116
93071160
93081996
93086449
93108160
93131604
93135431
93135443
93137834
93137963
93181895
93195042
93195044
93224918
93297820
93404635
93416365
93423016
93820650
94296871
94308930
94323240
94323257
94325785
94333435
94337238
94343730
94345437
94427644
94549381
94561146
94561350
94623573
94627553
94637063
94655965
94665507
94673687
94717595
94731021
94843613
94918598
94918880
94935104
95232195
95237832
95257070
95263328
95269221
95359211
95474052
95475712
95765935
95823347
95972009
96019454
96170292
96172837
96174443
96280094
96289173
96325364
96335060
96391318
96399353
96448519
96586740
96586754
96597912
96695223
96704152
96705045
96705167
96715176
96744961
96744969
96780870
96789176
96816427
97096472
97103843
97242647
97341899
97616578
97791946
98125152
98176829
98242199
98254317
98255082
98348345
99042732
99087515
99088962
99089497
99089537
99095681
99151942
99152278
99168226
99281202
99283000
99287008
99468443
99470709
99879924
99882852
99964678
100005357
100020055
100025965
100031601
100033856
100060379
100060417
100075799
100147245
100221113
100280141
100280182
100280582
100286568
100286598
100292024
100292025
100294286
100321274
100344870
100346809
100347967
100361664
100383310
100388417
100429461
100429537
100429943
100457997
100459534
100508254
100529975
100537073
100538075
100792040
100809545
100878228
101195978
101711409
102581207
102590347
102624906
102637436
102639319
102650804
102651375
102655571
102656569
102656581
102660131
102739302
102744634
102753706
102783276
102783281
102792547
102962864
102970659
102982163
102991125
103144362
103157162
103296217
103560802
103574514
103578231
103660684
103781522
103888072
104007926
104096956
104502613
104600269
104629661
104630504
104635076
104637324
104671016
104689900
104689957
104690204
104693409
104830072
104954831
105006688
105077453
105144104
105147145
105156169
105156403
105212785
105225491
105556991
105564160
105583834
105827604
105862468
105887667
105896679
105899464
105902656
105923824
105940930
105954374
106006470
106014877
106022078
106036989
106041402
106048419
106066780
106301628
106340888
106345891
106875362
106903690
107026810
107254593
107266208
107266517
107266531
107273176
107278066
107549578
107549637
107550178
107550265
108186162
108193025
108193066
108196549
108271574
108324502
108324513
108324527
108324779
108386723
108388974
108393003
108399127
108404155
108405115
108405716
108448386
108505685
108508185
108519627
108592396
108616214
108694033
108704142
108741384
108741911
108760777
108878531
108890655
108920426
108920531
108929483
109113146
109310689
109325410
109430597
109432233
109449384
109449391
109610207
109757964
109788124
110170422
110170824
110171622
110234531
110234534
110245215
110250450
110250478
110260569
110260573
110260725
110324818
110324853
110324858
110324869
110371710
110467588
110469546
110548586
110696103
110726700
110767606
110961144
110967125
111366303
111366574
111512374
111544646
111576083
111605877
112018160
112091176
112091187
112097520
112097706
112796154
112799923
112806701
112808620
112814629
112815857
112903375
113091073
113239763
114867498
115217270
115225424
119379400
274505517
338179872
